Software Version            : FRANz 1.2.3
Dataset                     : TESTTREES
Time of Data Analysis       : Mon Mar 13 13:05:50 2023


*** Locus 1 ***

 +--------+--------+------------+------------+------------+--------------------------+
 | Allele |  Count | Heterozyg. |   Homozyg. |  Frequency | Frequency (Null Alleles) |
 +--------+--------+------------+------------+------------+--------------------------+
 |    135 |      1 |          1 |          0 |    0.00075 |                  0.00075 |
 |    137 |     20 |         20 |          0 |    0.01497 |                  0.01497 |
 |    139 |      2 |          2 |          0 |    0.00150 |                  0.00150 |
 |    141 |      1 |          1 |          0 |    0.00075 |                  0.00075 |
 |    143 |     10 |         10 |          0 |    0.00749 |                  0.00748 |
 |    145 |     33 |         33 |          0 |    0.02470 |                  0.02470 |
 |    147 |      7 |          7 |          0 |    0.00524 |                  0.00524 |
 |    149 |     71 |         69 |          1 |    0.05314 |                  0.05300 |
 |    151 |     33 |         33 |          0 |    0.02470 |                  0.02470 |
 |    153 |     33 |         31 |          1 |    0.02470 |                  0.02445 |
 |    155 |     36 |         32 |          2 |    0.02695 |                  0.02647 |
 |    157 |    119 |        101 |          9 |    0.08907 |                  0.08823 |
 |    159 |    130 |        124 |          3 |    0.09731 |                  0.09705 |
 |    161 |     63 |         61 |          1 |    0.04716 |                  0.04700 |
 |    163 |    133 |        117 |          8 |    0.09955 |                  0.09888 |
 |    165 |     72 |         66 |          3 |    0.05389 |                  0.05347 |
 |    167 |     82 |         78 |          2 |    0.06138 |                  0.06112 |
 |    169 |    110 |        101 |          4 |    0.08159 |                  0.08118 |
 |    171 |    141 |        103 |         19 |    0.10554 |                  0.10401 |
 |    173 |     44 |         42 |          1 |    0.03293 |                  0.03273 |
 |    175 |     66 |         66 |          0 |    0.04940 |                  0.04940 |
 |    177 |     42 |         38 |          2 |    0.03144 |                  0.03101 |
 |    179 |     57 |         55 |          1 |    0.04266 |                  0.04249 |
 |    181 |     14 |         14 |          0 |    0.01048 |                  0.01048 |
 |    183 |      8 |          8 |          0 |    0.00599 |                  0.00599 |
 |    185 |      6 |          6 |          0 |    0.00449 |                  0.00449 |
 |    187 |      1 |          1 |          0 |    0.00075 |                  0.00075 |
 |    193 |      1 |          1 |          0 |    0.00075 |                  0.00075 |
 |    195 |      1 |          1 |          0 |    0.00075 |                  0.00075 |
 +--------+--------+------------+------------+------------+--------------------------+
   TOTAL:     1337         1222           57

Observed Heterozygosity     : 0.9147
Expected Heterozygosity     : 0.9345
Hardy-Weinberg Test
   p-Value                  : 0.0107
   Standard Error           : 0.0029
Estimated Null Allele Freq. : 0.0062
Estimated Genotyping Failure: 0.0657 (47 untyped)
Polymorphic Inform. Content : 0.9299

Exclusion probability when 1 to 7 fullsibs are genotyped
  First Parent              : 0.7638225  0.8544445  0.9346137  0.9622719  0.9644320  0.9644769  0.9644773 
  Second Parent             : 0.8660169  0.9246562  0.9672615  0.9807945  0.9819763  0.9820174  0.9820178 
  Parent Pair               : 0.9694999  0.9898320  0.9979664  0.9992741  0.9993501  0.9993516  0.9993517 

Probability of identity
  2 unrelated individuals   : 0.0083285
  Siblings                  : 0.2851717

Sibship exclusion probability
  3 unrelated individuals   : 0.9011887
  4 unrelated individuals   : 0.9942558


*** Locus 2 ***

 +--------+--------+------------+------------+------------+--------------------------+
 | Allele |  Count | Heterozyg. |   Homozyg. |  Frequency | Frequency (Null Alleles) |
 +--------+--------+------------+------------+------------+--------------------------+
 |    173 |    109 |         91 |          8 |    0.08560 |                  0.08134 |
 |    175 |     76 |         61 |          7 |    0.06000 |                  0.05586 |
 |    177 |     33 |         32 |          0 |    0.02560 |                  0.02549 |
 |    179 |     25 |         23 |          1 |    0.02000 |                  0.01922 |
 |    181 |     42 |         40 |          1 |    0.03360 |                  0.03283 |
 |    183 |     40 |         34 |          3 |    0.03200 |                  0.02993 |
 |    185 |    141 |         96 |         18 |    0.10560 |                  0.09699 |
 |    187 |     85 |         61 |         12 |    0.06800 |                  0.06124 |
 |    189 |     68 |         58 |          5 |    0.05440 |                  0.05133 |
 |    191 |     41 |         35 |          3 |    0.03280 |                  0.03074 |
 |    193 |     91 |         77 |          6 |    0.07120 |                  0.06777 |
 |    195 |    184 |        145 |         18 |    0.14480 |                  0.13726 |
 |    197 |    185 |        115 |         33 |    0.14480 |                  0.13118 |
 |    199 |     37 |         32 |          2 |    0.02880 |                  0.02737 |
 |    201 |      3 |          3 |          0 |    0.00240 |                  0.00239 |
 |    203 |     20 |         17 |          1 |    0.01520 |                  0.01442 |
 |    205 |     55 |         47 |          3 |    0.04240 |                  0.04041 |
 |    207 |     35 |         29 |          3 |    0.02800 |                  0.02589 |
 |    209 |      5 |          3 |          1 |    0.00400 |                  0.00321 |
 |    211 |      1 |          1 |          0 |    0.00080 |                  0.00080 |
 +--------+--------+------------+------------+------------+--------------------------+
   TOTAL:     1276         1000          125

Observed Heterozygosity     : 0.8000
Expected Heterozygosity     : 0.9161
Hardy-Weinberg Test
   p-Value                  : 0.0000
   Standard Error           : 0.0000
Estimated Null Allele Freq. : 0.0643
Estimated Genotyping Failure: 0.0904 (65 untyped)
Polymorphic Inform. Content : 0.9094

Exclusion probability when 1 to 7 fullsibs are genotyped
  First Parent              : 0.7092000  0.8118580  0.9063479  0.9398068  0.9426142  0.9426929  0.9426936 
  Second Parent             : 0.8297892  0.9007642  0.9523273  0.9690028  0.9706389  0.9707130  0.9707137 
  Parent Pair               : 0.9529877  0.9830197  0.9958137  0.9981522  0.9983103  0.9983149  0.9983150 

Probability of identity
  2 unrelated individuals   : 0.0132300
  Siblings                  : 0.2956033

Sibship exclusion probability
  3 unrelated individuals   : 0.8542252
  4 unrelated individuals   : 0.9865127


*** Locus 3 ***

 +--------+--------+------------+------------+------------+--------------------------+
 | Allele |  Count | Heterozyg. |   Homozyg. |  Frequency | Frequency (Null Alleles) |
 +--------+--------+------------+------------+------------+--------------------------+
 |     91 |     39 |         33 |          3 |    0.03023 |                  0.02763 |
 |     93 |     30 |         20 |          5 |    0.02326 |                  0.01929 |
 |     95 |    109 |         69 |         20 |    0.08450 |                  0.07098 |
 |     97 |     73 |         47 |         13 |    0.05659 |                  0.04718 |
 |     99 |    404 |        222 |         91 |    0.31318 |                  0.27347 |
 |    100 |      1 |          1 |          0 |    0.00078 |                  0.00076 |
 |    101 |     35 |         23 |          6 |    0.02713 |                  0.02244 |
 |    103 |      3 |          1 |          1 |    0.00233 |                  0.00153 |
 |    105 |     23 |         19 |          2 |    0.01783 |                  0.01608 |
 |    107 |     83 |         55 |         14 |    0.06434 |                  0.05435 |
 |    109 |     72 |         52 |         10 |    0.05581 |                  0.04838 |
 |    110 |      1 |          1 |          0 |    0.00078 |                  0.00076 |
 |    111 |    138 |         86 |         26 |    0.10698 |                  0.09030 |
 |    112 |      4 |          0 |          2 |    0.00310 |                  0.00153 |
 |    113 |     55 |         45 |          5 |    0.04264 |                  0.03856 |
 |    114 |      4 |          2 |          1 |    0.00310 |                  0.00229 |
 |    115 |     60 |         47 |          6 |    0.04574 |                  0.04097 |
 |    117 |     29 |         21 |          4 |    0.02248 |                  0.01924 |
 |    119 |     40 |         38 |          1 |    0.03101 |                  0.02977 |
 |    121 |     60 |         52 |          4 |    0.04651 |                  0.04307 |
 |    122 |      1 |          1 |          0 |    0.00078 |                  0.00076 |
 |    123 |     21 |         15 |          3 |    0.01628 |                  0.01382 |
 |    125 |      6 |          4 |          1 |    0.00465 |                  0.00382 |
 +--------+--------+------------+------------+------------+--------------------------+
   TOTAL:     1291          854          218

Observed Heterozygosity     : 0.6620
Expected Heterozygosity     : 0.8632
Hardy-Weinberg Test
   p-Value                  : 0.0000
   Standard Error           : 0.0000
Estimated Null Allele Freq. : 0.1330
Estimated Genotyping Failure: 0.0817 (70 untyped)
Polymorphic Inform. Content : 0.8535

Exclusion probability when 1 to 7 fullsibs are genotyped
  First Parent              : 0.5925113  0.7012579  0.8130126  0.8548093  0.8586514  0.8587905  0.8587918 
  Second Parent             : 0.7452259  0.8345027  0.9002145  0.9220962  0.9245226  0.9246561  0.9246574 
  Parent Pair               : 0.9123843  0.9614976  0.9854953  0.9908865  0.9912991  0.9913125  0.9913126 

Probability of identity
  2 unrelated individuals   : 0.0279036
  Siblings                  : 0.3257289

Sibship exclusion probability
  3 unrelated individuals   : 0.7557275
  4 unrelated individuals   : 0.9530741


*** Locus 4 ***

 +--------+--------+------------+------------+------------+--------------------------+
 | Allele |  Count | Heterozyg. |   Homozyg. |  Frequency | Frequency (Null Alleles) |
 +--------+--------+------------+------------+------------+--------------------------+
 |    130 |      4 |          4 |          0 |    0.00295 |                  0.00294 |
 |    136 |      2 |          2 |          0 |    0.00147 |                  0.00147 |
 |    138 |     19 |         19 |          0 |    0.01399 |                  0.01399 |
 |    140 |      4 |          4 |          0 |    0.00295 |                  0.00294 |
 |    142 |    154 |        118 |         18 |    0.11340 |                  0.11017 |
 |    144 |     35 |         33 |          1 |    0.02577 |                  0.02534 |
 |    146 |    155 |        142 |          6 |    0.11340 |                  0.11232 |
 |    148 |    157 |        133 |         12 |    0.11561 |                  0.11349 |
 |    150 |    221 |        165 |         28 |    0.16274 |                  0.15897 |
 |    152 |     91 |         79 |          6 |    0.06701 |                  0.06545 |
 |    154 |    119 |        104 |          7 |    0.08689 |                  0.08537 |
 |    156 |      7 |          6 |          0 |    0.00442 |                  0.00442 |
 |    158 |     56 |         52 |          2 |    0.04124 |                  0.04054 |
 |    160 |     65 |         61 |          2 |    0.04786 |                  0.04722 |
 |    162 |     69 |         67 |          1 |    0.05081 |                  0.05049 |
 |    164 |     16 |         16 |          0 |    0.01178 |                  0.01178 |
 |    166 |     10 |         10 |          0 |    0.00736 |                  0.00736 |
 |    168 |     77 |         73 |          2 |    0.05670 |                  0.05612 |
 |    170 |     71 |         60 |          5 |    0.05155 |                  0.05001 |
 |    172 |     10 |         10 |          0 |    0.00736 |                  0.00736 |
 |    174 |      1 |          1 |          0 |    0.00074 |                  0.00074 |
 |    176 |      8 |          8 |          0 |    0.00589 |                  0.00589 |
 |    178 |     11 |         11 |          0 |    0.00810 |                  0.00810 |
 +--------+--------+------------+------------+------------+--------------------------+
   TOTAL:     1362         1178           90

Observed Heterozygosity     : 0.8675
Expected Heterozygosity     : 0.9094
Hardy-Weinberg Test
   p-Value                  : 0.0000
   Standard Error           : 0.0000
Estimated Null Allele Freq. : 0.0175
Estimated Genotyping Failure: 0.0461 (33 untyped)
Polymorphic Inform. Content : 0.9017

Exclusion probability when 1 to 7 fullsibs are genotyped
  First Parent              : 0.6890270  0.7961366  0.8958419  0.9314584  0.9345382  0.9346336  0.9346345 
  Second Parent             : 0.8160478  0.8917238  0.9466812  0.9645922  0.9664335  0.9665241  0.9665249 
  Parent Pair               : 0.9455931  0.9798912  0.9947726  0.9975864  0.9977842  0.9977905  0.9977905 

Probability of identity
  2 unrelated individuals   : 0.0154019
  Siblings                  : 0.2994895

Sibship exclusion probability
  3 unrelated individuals   : 0.8333381
  4 unrelated individuals   : 0.9825088


*** Locus 5 ***

 +--------+--------+------------+------------+------------+--------------------------+
 | Allele |  Count | Heterozyg. |   Homozyg. |  Frequency | Frequency (Null Alleles) |
 +--------+--------+------------+------------+------------+--------------------------+
 |    204 |      2 |          2 |          0 |    0.00148 |                  0.00148 |
 |    206 |      1 |          1 |          0 |    0.00074 |                  0.00074 |
 |    208 |    159 |        135 |         12 |    0.11760 |                  0.11682 |
 |    210 |     39 |         37 |          1 |    0.02885 |                  0.02864 |
 |    212 |     39 |         36 |          1 |    0.02811 |                  0.02789 |
 |    214 |    117 |        102 |          7 |    0.08580 |                  0.08519 |
 |    216 |     23 |         23 |          0 |    0.01701 |                  0.01701 |
 |    218 |     79 |         75 |          2 |    0.05843 |                  0.05819 |
 |    220 |    148 |        124 |         12 |    0.10947 |                  0.10863 |
 |    222 |    114 |        106 |          4 |    0.08432 |                  0.08397 |
 |    224 |    193 |        163 |         15 |    0.14275 |                  0.14193 |
 |    226 |     96 |         86 |          5 |    0.07101 |                  0.07050 |
 |    228 |     68 |         66 |          1 |    0.05030 |                  0.05016 |
 |    230 |     35 |         35 |          0 |    0.02589 |                  0.02589 |
 |    232 |     41 |         41 |          0 |    0.03033 |                  0.03032 |
 |    234 |    110 |        100 |          5 |    0.08136 |                  0.08091 |
 |    236 |     35 |         31 |          2 |    0.02589 |                  0.02543 |
 |    238 |     26 |         26 |          0 |    0.01923 |                  0.01923 |
 |    240 |     14 |         14 |          0 |    0.01036 |                  0.01035 |
 |    242 |      9 |          9 |          0 |    0.00666 |                  0.00666 |
 |    244 |      1 |          1 |          0 |    0.00074 |                  0.00074 |
 |    246 |      1 |          1 |          0 |    0.00074 |                  0.00074 |
 |    248 |      1 |          1 |          0 |    0.00074 |                  0.00074 |
 |    250 |      1 |          1 |          0 |    0.00074 |                  0.00074 |
 |    252 |      2 |          2 |          0 |    0.00148 |                  0.00148 |
 +--------+--------+------------+------------+------------+--------------------------+
   TOTAL:     1354         1218           67

Observed Heterozygosity     : 0.9009
Expected Heterozygosity     : 0.9177
Hardy-Weinberg Test
   p-Value                  : 0.0089
   Standard Error           : 0.0024
Estimated Null Allele Freq. : 0.0056
Estimated Genotyping Failure: 0.0532 (38 untyped)
Polymorphic Inform. Content : 0.9111

Exclusion probability when 1 to 7 fullsibs are genotyped
  First Parent              : 0.7127537  0.8154383  0.9094563  0.9426582  0.9454328  0.9455096  0.9455103 
  Second Parent             : 0.8323691  0.9028563  0.9540166  0.9705368  0.9721482  0.9722204  0.9722211 
  Parent Pair               : 0.9539516  0.9835540  0.9960618  0.9983119  0.9984609  0.9984651  0.9984651 

Probability of identity
  2 unrelated individuals   : 0.0128671
  Siblings                  : 0.2946896

Sibship exclusion probability
  3 unrelated individuals   : 0.8562324
  4 unrelated individuals   : 0.9873322


*** Locus 6 ***

 +--------+--------+------------+------------+------------+--------------------------+
 | Allele |  Count | Heterozyg. |   Homozyg. |  Frequency | Frequency (Null Alleles) |
 +--------+--------+------------+------------+------------+--------------------------+
 |    101 |     26 |         22 |          2 |    0.01890 |                  0.01738 |
 |    105 |    712 |        268 |        222 |    0.51744 |                  0.46365 |
 |    109 |    324 |        202 |         61 |    0.23547 |                  0.21161 |
 |    113 |     52 |         44 |          4 |    0.03779 |                  0.03495 |
 |    117 |     14 |         14 |          0 |    0.01017 |                  0.01007 |
 |    121 |    187 |        119 |         34 |    0.13590 |                  0.11912 |
 |    125 |     61 |         55 |          3 |    0.04433 |                  0.04209 |
 +--------+--------+------------+------------+------------+--------------------------+
   TOTAL:     1376          724          326

Observed Heterozygosity     : 0.5262
Expected Heterozygosity     : 0.6550
Hardy-Weinberg Test
   p-Value                  : 0.0000
   Standard Error           : 0.0000
Estimated Null Allele Freq. : 0.1011
Estimated Genotyping Failure: 0.0292 (28 untyped)
Polymorphic Inform. Content : 0.6102

Exclusion probability when 1 to 7 fullsibs are genotyped
  First Parent              : 0.2484070  0.3343403  0.4345496  0.4816776  0.4908582  0.4916486  0.4916565 
  Second Parent             : 0.4209898  0.5370545  0.6293814  0.6686882  0.6772591  0.6780470  0.6780550 
  Parent Pair               : 0.6098036  0.7341173  0.8161449  0.8439197  0.8482965  0.8486391  0.8486426 

Probability of identity
  2 unrelated individuals   : 0.1637390
  Siblings                  : 0.4636688

Sibship exclusion probability
  3 unrelated individuals   : 0.2293505
  4 unrelated individuals   : 0.4711281


*** Locus 7 ***

 +--------+--------+------------+------------+------------+--------------------------+
 | Allele |  Count | Heterozyg. |   Homozyg. |  Frequency | Frequency (Null Alleles) |
 +--------+--------+------------+------------+------------+--------------------------+
 |    167 |     20 |         20 |          0 |    0.01575 |                  0.01569 |
 |    169 |      5 |          5 |          0 |    0.00394 |                  0.00392 |
 |    173 |     21 |         16 |          2 |    0.01575 |                  0.01429 |
 |    175 |    451 |        238 |         99 |    0.34331 |                  0.32072 |
 |    177 |     12 |         10 |          1 |    0.00945 |                  0.00868 |
 |    179 |     61 |         45 |          7 |    0.04646 |                  0.04221 |
 |    181 |     13 |         11 |          1 |    0.01024 |                  0.00947 |
 |    183 |    177 |        128 |         21 |    0.13386 |                  0.12526 |
 |    185 |     15 |         11 |          2 |    0.01181 |                  0.01032 |
 |    187 |     62 |         46 |          7 |    0.04724 |                  0.04302 |
 |    189 |    122 |         94 |         14 |    0.09606 |                  0.08938 |
 |    191 |     52 |         45 |          3 |    0.04016 |                  0.03822 |
 |    193 |     11 |          9 |          1 |    0.00866 |                  0.00789 |
 |    195 |     22 |         20 |          1 |    0.01732 |                  0.01657 |
 |    197 |     61 |         56 |          2 |    0.04724 |                  0.04593 |
 |    199 |     51 |         40 |          4 |    0.03780 |                  0.03522 |
 |    201 |     28 |         22 |          2 |    0.02047 |                  0.01904 |
 |    203 |     29 |         26 |          1 |    0.02205 |                  0.02130 |
 |    205 |     16 |         16 |          0 |    0.01260 |                  0.01255 |
 |    207 |     14 |         14 |          0 |    0.01102 |                  0.01098 |
 |    209 |      1 |          1 |          0 |    0.00079 |                  0.00078 |
 |    211 |     40 |         37 |          0 |    0.02913 |                  0.02903 |
 |    213 |     15 |         14 |          0 |    0.01102 |                  0.01098 |
 |    215 |      6 |          6 |          0 |    0.00472 |                  0.00471 |
 |    219 |      3 |          3 |          0 |    0.00236 |                  0.00235 |
 |    225 |      1 |          1 |          0 |    0.00079 |                  0.00078 |
 +--------+--------+------------+------------+------------+--------------------------+
   TOTAL:     1309          934          168

Observed Heterozygosity     : 0.7354
Expected Heterozygosity     : 0.8426
Hardy-Weinberg Test
   p-Value                  : 0.0000
   Standard Error           : 0.0000
Estimated Null Allele Freq. : 0.0607
Estimated Genotyping Failure: 0.0572 (41 untyped)
Polymorphic Inform. Content : 0.8313

Exclusion probability when 1 to 7 fullsibs are genotyped
  First Parent              : 0.5516966  0.6602781  0.7755364  0.8194304  0.8236502  0.8238197  0.8238213 
  Second Parent             : 0.7132736  0.8078963  0.8779119  0.9015551  0.9043271  0.9044908  0.9044924 
  Parent Pair               : 0.8930211  0.9499075  0.9789094  0.9858291  0.9864093  0.9864320  0.9864322 

Probability of identity
  2 unrelated individuals   : 0.0355828
  Siblings                  : 0.3379514

Sibship exclusion probability
  3 unrelated individuals   : 0.7136730
  4 unrelated individuals   : 0.9307511


*** Locus 8 ***

 +--------+--------+------------+------------+------------+--------------------------+
 | Allele |  Count | Heterozyg. |   Homozyg. |  Frequency | Frequency (Null Alleles) |
 +--------+--------+------------+------------+------------+--------------------------+
 |    149 |     10 |          8 |          1 |    0.00766 |                  0.00695 |
 |    150 |      2 |          2 |          0 |    0.00153 |                  0.00153 |
 |    151 |    322 |        239 |         41 |    0.24579 |                  0.23812 |
 |    153 |     31 |         31 |          0 |    0.02374 |                  0.02371 |
 |    159 |      7 |          7 |          0 |    0.00536 |                  0.00535 |
 |    161 |     96 |         88 |          3 |    0.07198 |                  0.07072 |
 |    163 |    247 |        181 |         33 |    0.18913 |                  0.18166 |
 |    165 |    149 |        119 |         15 |    0.11409 |                  0.10935 |
 |    166 |      2 |          0 |          1 |    0.00153 |                  0.00077 |
 |    167 |    240 |        170 |         34 |    0.18224 |                  0.17434 |
 |    169 |    158 |        119 |         19 |    0.12021 |                  0.11441 |
 |    171 |      6 |          6 |          0 |    0.00459 |                  0.00459 |
 |    173 |      2 |          2 |          0 |    0.00153 |                  0.00153 |
 |    175 |     28 |         28 |          0 |    0.02144 |                  0.02141 |
 |    177 |      8 |          8 |          0 |    0.00613 |                  0.00612 |
 |    179 |      2 |          2 |          0 |    0.00153 |                  0.00153 |
 |    181 |      1 |          1 |          0 |    0.00077 |                  0.00076 |
 |    183 |      1 |          1 |          0 |    0.00077 |                  0.00076 |
 +--------+--------+------------+------------+------------+--------------------------+
   TOTAL:     1312         1012          147

Observed Heterozygosity     : 0.7749
Expected Heterozygosity     : 0.8374
Hardy-Weinberg Test
   p-Value                  : 0.0000
   Standard Error           : 0.0000
Estimated Null Allele Freq. : 0.0364
Estimated Genotyping Failure: 0.0791 (57 untyped)
Polymorphic Inform. Content : 0.8166

Exclusion probability when 1 to 7 fullsibs are genotyped
  First Parent              : 0.5062320  0.6317803  0.7615924  0.8127670  0.8189802  0.8193484  0.8193520 
  Second Parent             : 0.6756012  0.7865408  0.8686191  0.8984121  0.9030965  0.9034586  0.9034622 
  Parent Pair               : 0.8489646  0.9285503  0.9702241  0.9808650  0.9820078  0.9820744  0.9820750 

Probability of identity
  2 unrelated individuals   : 0.0469945
  Siblings                  : 0.3433202

Sibship exclusion probability
  3 unrelated individuals   : 0.6007140
  4 unrelated individuals   : 0.8878023


*** Locus 9 ***

 +--------+--------+------------+------------+------------+--------------------------+
 | Allele |  Count | Heterozyg. |   Homozyg. |  Frequency | Frequency (Null Alleles) |
 +--------+--------+------------+------------+------------+--------------------------+
 |      5 |      1 |          1 |          0 |    0.00076 |                  0.00075 |
 |    122 |      1 |          1 |          0 |    0.00076 |                  0.00075 |
 |    123 |     51 |         39 |          6 |    0.03887 |                  0.03465 |
 |    124 |     76 |         60 |          8 |    0.05793 |                  0.05261 |
 |    125 |     40 |         28 |          6 |    0.03049 |                  0.02620 |
 |    126 |    134 |         72 |         31 |    0.10213 |                  0.08482 |
 |    127 |     37 |         32 |          2 |    0.02744 |                  0.02584 |
 |    128 |     43 |         39 |          2 |    0.03277 |                  0.03116 |
 |    129 |     55 |         47 |          4 |    0.04192 |                  0.03900 |
 |    130 |      6 |          4 |          1 |    0.00457 |                  0.00379 |
 |    131 |     15 |         15 |          0 |    0.01143 |                  0.01132 |
 |    132 |     93 |         63 |         15 |    0.07088 |                  0.06159 |
 |    133 |     32 |         30 |          1 |    0.02439 |                  0.02348 |
 |    134 |     90 |         62 |         14 |    0.06860 |                  0.05984 |
 |    135 |      1 |          1 |          0 |    0.00076 |                  0.00075 |
 |    136 |      3 |          3 |          0 |    0.00229 |                  0.00226 |
 |    138 |    207 |        134 |         36 |    0.15701 |                  0.13964 |
 |    140 |    112 |         84 |         14 |    0.08537 |                  0.07696 |
 |    142 |    122 |        104 |          9 |    0.09299 |                  0.08740 |
 |    144 |     83 |         63 |         10 |    0.06326 |                  0.05680 |
 |    146 |      4 |          4 |          0 |    0.00305 |                  0.00302 |
 |    148 |     28 |         26 |          1 |    0.02134 |                  0.02045 |
 |    152 |      8 |          8 |          0 |    0.00610 |                  0.00604 |
 |    154 |      1 |          1 |          0 |    0.00076 |                  0.00075 |
 |    156 |     22 |         22 |          0 |    0.01677 |                  0.01661 |
 |    158 |      3 |          3 |          0 |    0.00229 |                  0.00226 |
 |    160 |      1 |          1 |          0 |    0.00076 |                  0.00075 |
 |    162 |      2 |          2 |          0 |    0.00152 |                  0.00151 |
 |    164 |      9 |          7 |          1 |    0.00686 |                  0.00606 |
 |    166 |      1 |          1 |          0 |    0.00076 |                  0.00075 |
 |    168 |      3 |          3 |          0 |    0.00229 |                  0.00226 |
 |    170 |      3 |          3 |          0 |    0.00229 |                  0.00226 |
 |    174 |      5 |          3 |          1 |    0.00381 |                  0.00303 |
 |    186 |     22 |         22 |          0 |    0.01677 |                  0.01661 |
 +--------+--------+------------+------------+------------+--------------------------+
   TOTAL:     1314          988          162

Observed Heterozygosity     : 0.7530
Expected Heterozygosity     : 0.9247
Hardy-Weinberg Test
   p-Value                  : 0.0000
   Standard Error           : 0.0000
Estimated Null Allele Freq. : 0.0980
Estimated Genotyping Failure: 0.0723 (58 untyped)
Polymorphic Inform. Content : 0.9191

Exclusion probability when 1 to 7 fullsibs are genotyped
  First Parent              : 0.7356228  0.8319143  0.9192603  0.9498524  0.9523264  0.9523866  0.9523871 
  Second Parent             : 0.8473714  0.9121190  0.9591985  0.9742877  0.9756830  0.9757390  0.9757395 
  Parent Pair               : 0.9617493  0.9866047  0.9969383  0.9987383  0.9988526  0.9988555  0.9988556 

Probability of identity
  2 unrelated individuals   : 0.0106660
  Siblings                  : 0.2906734

Sibship exclusion probability
  3 unrelated individuals   : 0.8794192
  4 unrelated individuals   : 0.9906892


*** Locus 10 ***

 +--------+--------+------------+------------+------------+--------------------------+
 | Allele |  Count | Heterozyg. |   Homozyg. |  Frequency | Frequency (Null Alleles) |
 +--------+--------+------------+------------+------------+--------------------------+
 |    150 |     42 |         34 |          4 |    0.03420 |                  0.03202 |
 |    161 |     16 |         14 |          0 |    0.01140 |                  0.01139 |
 |    165 |      3 |          3 |          0 |    0.00244 |                  0.00244 |
 |    167 |     52 |         45 |          3 |    0.04153 |                  0.04000 |
 |    168 |      4 |          4 |          0 |    0.00326 |                  0.00325 |
 |    169 |     83 |         81 |          1 |    0.06759 |                  0.06713 |
 |    170 |     21 |         21 |          0 |    0.01710 |                  0.01708 |
 |    171 |     36 |         34 |          1 |    0.02932 |                  0.02873 |
 |    172 |      1 |          1 |          0 |    0.00081 |                  0.00081 |
 |    173 |     37 |         33 |          2 |    0.03013 |                  0.02899 |
 |    174 |      4 |          4 |          0 |    0.00326 |                  0.00325 |
 |    175 |     40 |         37 |          1 |    0.03176 |                  0.03119 |
 |    177 |     16 |         16 |          0 |    0.01303 |                  0.01302 |
 |    178 |      1 |          1 |          0 |    0.00081 |                  0.00081 |
 |    179 |    103 |         87 |          7 |    0.08225 |                  0.07966 |
 |    180 |     12 |         11 |          0 |    0.00896 |                  0.00895 |
 |    181 |    150 |        108 |         20 |    0.12052 |                  0.11467 |
 |    182 |     75 |         64 |          2 |    0.05537 |                  0.05445 |
 |    183 |     67 |         51 |          7 |    0.05293 |                  0.04971 |
 |    184 |      7 |          5 |          1 |    0.00570 |                  0.00494 |
 |    185 |     32 |         32 |          0 |    0.02606 |                  0.02603 |
 |    186 |     20 |         17 |          1 |    0.01547 |                  0.01480 |
 |    187 |     88 |         66 |         10 |    0.07003 |                  0.06601 |
 |    188 |      4 |          4 |          0 |    0.00326 |                  0.00325 |
 |    189 |    101 |         87 |          6 |    0.08062 |                  0.07838 |
 |    190 |      9 |          9 |          0 |    0.00733 |                  0.00732 |
 |    191 |     41 |         38 |          1 |    0.03257 |                  0.03200 |
 |    192 |     11 |          9 |          1 |    0.00896 |                  0.00823 |
 |    193 |     77 |         67 |          4 |    0.06107 |                  0.05935 |
 |    194 |     18 |         18 |          0 |    0.01466 |                  0.01464 |
 |    195 |     73 |         66 |          3 |    0.05863 |                  0.05730 |
 |    196 |      4 |          3 |          0 |    0.00244 |                  0.00244 |
 |    197 |      4 |          4 |          0 |    0.00326 |                  0.00325 |
 |    198 |      1 |          1 |          0 |    0.00081 |                  0.00081 |
 |    199 |      1 |          1 |          0 |    0.00081 |                  0.00081 |
 |    201 |      1 |          1 |          0 |    0.00081 |                  0.00081 |
 |    208 |      1 |          1 |          0 |    0.00081 |                  0.00081 |
 +--------+--------+------------+------------+------------+--------------------------+
   TOTAL:     1256         1078           75

Observed Heterozygosity     : 0.8779
Expected Heterozygosity     : 0.9417
Hardy-Weinberg Test
   p-Value                  : 0.0003
   Standard Error           : 0.0003
Estimated Null Allele Freq. : 0.0312
Estimated Genotyping Failure: 0.1054 (73 untyped)
Polymorphic Inform. Content : 0.9378

Exclusion probability when 1 to 7 fullsibs are genotyped
  First Parent              : 0.7875357  0.8709895  0.9438986  0.9688302  0.9707247  0.9707586  0.9707588 
  Second Parent             : 0.8808727  0.9336305  0.9720418  0.9841757  0.9851863  0.9852166  0.9852169 
  Parent Pair               : 0.9756769  0.9920867  0.9985224  0.9995114  0.9995659  0.9995669  0.9995669 

Probability of identity
  2 unrelated individuals   : 0.0066077
  Siblings                  : 0.2811753

Sibship exclusion probability
  3 unrelated individuals   : 0.9202411
  4 unrelated individuals   : 0.9961452


