fat-TV1003	159	173	185	185	99	111	142	160	214	238	109	121	189	197	151	167	124	140	177	181
fat-TV2003	157	159	191	199	111	125	150	160	232	238	109	121	175	175	151	163	124	124	189	189
fat-TV2004	169	177	193	197	95	99	146	150	224	228	121	121	175	211	153	167	138	138	169	184
fat-TV2005	167	169	193	207	95	97	150	160	224	230	109	109	175	211	167	171	138	138	171	184
fat-TV2017	157	159	191	207	99	99	142	160	208	212	105	105	175	197	153	163	126	138	169	187
fat-TV2026	157	183	175	191	111	113	146	160	232	234	105	121	175	175	151	165	123	138	0	0
fat-TV2030	157	157	197	207	0	0	164	170	210	218	105	105	175	183	151	153	123	123	184	184
fat-TV2031	153	165	185	197	99	113	142	160	214	234	105	109	175	175	151	151	124	138	179	189
fat-TV2032	157	169	0	0	97	99	140	148	208	216	105	105	175	191	0	0	126	126	181	201
fat-TV2033	149	157	193	197	0	0	146	170	208	234	121	121	175	175	161	163	126	126	189	195
fat-TV2034	163	167	0	193	0	0	160	170	208	224	109	121	175	191	151	153	123	138	168	170
fat-TV2035	165	171	207	207	97	99	0	0	0	0	0	0	0	0	153	163	0	0	169	187
fat-TV2041	149	167	185	197	99	99	142	150	208	224	105	109	175	175	153	161	123	124	181	195
fat-TV2048	153	177	191	191	97	97	150	150	210	224	105	105	183	191	161	165	138	138	169	189
fat-TV2053	145	165	183	199	99	113	160	160	224	234	105	109	175	183	151	161	138	138	182	189
fat-TV2055	157	169	177	0	97	97	146	150	214	228	121	125	183	187	151	161	123	123	167	189
fat-TV2060	157	159	177	191	91	91	148	162	220	222	101	105	193	197	163	169	138	138	171	189
fat-TV2062	157	173	197	207	97	97	146	160	228	240	101	125	179	187	151	163	138	160	189	189
fat-TV2064	143	159	193	197	111	111	150	150	218	232	105	105	175	197	151	151	138	138	169	191
fat-TV2065	145	159	185	195	99	111	142	150	218	224	105	109	185	197	151	151	123	138	169	187
fat-TV2066	167	169	189	195	0	0	148	150	222	234	105	121	187	187	163	163	138	138	170	179
fat-TV2068	165	165	197	211	101	101	0	0	0	0	0	0	0	0	163	167	138	138	193	193
fat-TV2069	165	167	197	197	111	117	144	150	208	224	121	121	175	211	0	0	125	125	189	193
fat-TV2071	161	161	173	197	103	111	154	166	226	246	105	105	175	191	151	161	126	140	173	189
fat-TV2078	153	163	173	195	117	117	148	166	220	238	105	105	175	205	163	163	142	142	171	189
fat-TV2080	157	167	185	197	0	0	142	150	218	226	105	121	175	175	151	151	123	123	170	174
fat-TV2086	145	167	185	0	0	0	130	176	208	226	105	113	191	203	165	169	127	142	0	195
fat-TV2090	153	159	173	195	99	109	138	166	220	220	105	109	175	189	163	169	127	129	189	189
fat-TV2091	0	0	0	0	107	115	0	0	0	0	0	0	0	0	0	0	0	0	0	0
fat-TV2252	157	159	173	173	95	99	144	150	216	224	105	109	175	205	165	165	140	142	182	195
fat-TV2253	151	169	183	197	0	0	144	150	216	232	105	105	175	175	151	163	134	134	168	191
fat-TV2254	159	165	183	197	97	99	142	150	224	224	105	105	175	175	151	163	126	126	182	0
fat-TV2257	151	159	183	197	99	99	142	150	232	234	105	105	175	175	151	163	140	140	170	189
fat-TV2258	169	169	0	0	99	113	144	148	208	210	105	121	175	175	161	165	123	124	183	193
fat-TV2259	149	163	0	0	97	97	0	0	210	210	105	121	175	205	161	165	140	140	177	183
fat-TV2261	157	169	183	199	97	105	138	150	218	240	105	121	175	175	153	167	138	138	170	179
fat-TV2265	145	149	185	185	111	125	160	162	208	232	105	109	175	175	151	161	123	124	186	187
fat-TV2268	137	157	197	205	99	117	142	148	208	222	105	121	175	175	151	167	138	138	150	171
fat-TV2269	157	163	185	0	99	99	142	150	228	234	105	125	197	211	151	167	134	134	0	0
fat-TV2270	157	163	185	0	99	99	142	150	228	234	105	125	197	211	151	167	134	134	0	0
fat-TV2271	163	165	185	0	0	0	148	150	208	234	109	125	197	207	163	167	132	134	169	195
fat-TV2272	161	165	0	0	97	97	164	168	222	234	109	121	173	183	163	163	126	126	191	193
fat-TV2273	157	165	0	205	97	117	0	0	0	0	0	0	0	0	0	0	0	0	0	0
fat-TV2275	161	175	183	193	95	99	0	0	0	0	0	0	0	0	0	0	0	0	0	0
fat-TV2277	165	187	187	197	99	115	144	150	234	234	105	125	175	175	163	173	123	123	181	185
fat-TV2280	157	171	185	193	107	107	142	142	0	0	105	109	175	183	163	163	123	124	169	181
fat-TV2281	155	163	185	197	99	99	142	170	224	224	105	105	175	205	151	163	138	138	171	191
fat-TV2282	165	183	183	197	99	99	142	150	208	222	109	121	201	201	0	0	0	0	0	0
fat-TV2283	149	163	173	185	99	115	148	150	226	232	105	113	0	211	0	0	0	0	0	0
fat-TV2284	161	183	195	195	99	99	142	142	208	234	105	113	175	175	151	163	134	134	169	189
fat-TV2285	165	169	173	183	99	99	138	144	224	226	105	105	175	175	167	0	138	138	181	195
fat-TV2286	159	175	183	197	95	95	142	146	224	234	105	109	175	211	163	165	134	138	181	195
fat-TV2288	167	175	0	195	99	99	142	144	216	234	105	105	175	197	151	163	138	138	179	179
fat-TV2290	159	167	193	197	111	113	142	164	0	0	105	121	175	211	151	161	0	0	179	181
fat-TV2293	149	169	185	191	99	111	142	144	208	234	121	121	175	175	161	163	138	138	169	187
fat-TV2295	163	173	197	197	99	107	138	142	224	240	105	109	175	197	166	166	0	0	0	0
fat-TV2296	149	157	205	205	99	99	142	150	224	228	105	109	175	175	153	161	134	134	179	185
fat-TV2297	137	159	0	0	0	0	142	144	214	226	105	105	0	211	161	163	138	138	179	189
fat-TV2298	157	169	195	195	97	97	142	150	222	226	105	109	187	201	151	161	123	142	182	182
fat-TV2299	147	167	197	197	99	113	138	148	224	224	121	121	201	211	161	165	126	138	179	189
fat-TV2300	0	0	0	0	0	0	0	0	0	0	0	0	0	0	0	0	0	0	0	0
fat-TV2301	0	0	0	0	0	0	0	0	0	0	0	0	0	0	0	0	0	0	0	0
fat-TV2302	165	165	0	0	99	109	144	146	226	226	105	105	175	205	153	167	132	132	182	195
fat-TV2304	153	163	0	0	99	99	142	142	222	240	105	121	0	0	151	153	126	126	181	189
fat-TV2501	163	167	183	183	97	111	142	150	208	216	105	121	175	175	0	0	138	138	179	195
fat-TV2502	155	165	197	197	111	111	146	158	208	234	121	121	175	197	161	165	126	126	183	195
fat-TV2503	151	155	197	199	99	99	138	150	208	234	105	113	175	211	151	165	124	138	167	195
fat-TV2504	157	159	0	0	91	113	150	160	208	226	105	105	175	175	151	163	126	138	170	185
fat-TV2506	173	179	0	197	91	99	138	144	226	232	105	105	175	197	151	163	129	138	187	195
fat-TV2508	0	0	0	0	0	0	142	160	232	240	105	105	175	201	0	0	0	0	0	0
fat-TV2511	149	167	187	195	117	117	150	154	216	222	105	105	0	0	161	165	132	140	173	185
fat-TV2514	167	171	181	195	93	93	146	150	208	216	121	121	0	0	161	169	127	142	173	182
fat-TV2515	145	149	173	195	99	115	146	150	220	226	105	105	187	199	151	169	138	140	173	190
fat-TV2517	149	163	181	205	91	99	146	148	208	208	101	101	175	187	0	0	0	0	0	0
fat-TV2518	145	163	187	195	97	101	146	158	218	224	105	109	183	0	153	169	133	138	179	185
fat-TV2519	159	167	193	207	91	95	146	150	208	234	105	121	181	181	161	169	140	142	0	186
fat-TV2520	167	181	187	187	99	99	146	148	210	222	105	109	175	183	149	171	142	144	167	173
fat-TV2522	165	175	187	193	97	97	148	154	224	232	109	121	175	183	165	167	144	144	173	189
fat-TV2523	157	173	193	197	99	111	146	148	224	230	105	105	175	197	169	169	127	0	0	179
fat-TV2524	165	175	185	185	99	99	150	158	220	222	105	109	183	211	151	151	140	140	179	0
fat-TV2525	165	175	0	0	0	0	150	158	220	222	105	109	183	211	151	151	140	140	179	179
fat-TV2527	157	163	185	197	95	99	142	170	210	234	109	109	175	211	151	169	134	134	172	189
fat-TV2529	163	167	207	207	99	111	142	146	208	234	105	109	175	175	161	163	132	140	0	0
fat-TV2530	157	179	195	197	99	111	142	170	208	224	109	121	197	201	151	151	123	123	0	0
fat-TV2753	157	159	185	197	99	99	150	150	208	224	105	125	175	175	151	167	124	138	0	0
fat-TV2755	137	179	0	0	0	0	144	144	208	218	105	121	175	175	151	161	138	138	181	195
fat-TV2757	157	163	183	199	99	99	142	160	234	236	105	105	175	175	151	163	132	138	170	187
fat-TV2759	157	159	197	197	99	99	150	150	224	234	105	109	175	183	159	163	134	134	187	195
fat-TV2762	161	163	183	199	0	0	144	160	218	240	105	105	175	211	151	163	132	132	167	189
fat-TV2764	157	159	0	185	107	111	144	150	210	222	105	109	175	175	167	167	126	132	187	193
fat-TV2766	151	159	0	0	99	111	138	160	232	240	105	105	175	183	151	163	132	132	179	193
fat-TV2770	153	169	199	199	111	111	138	162	236	238	105	109	175	175	161	163	138	138	169	189
fat-TV2772	159	163	185	185	99	119	138	142	222	240	105	121	175	183	0	0	0	0	0	0
fat-TV2773	149	157	185	0	111	111	150	156	208	226	105	105	175	201	153	167	123	124	170	195
fat-TV2774	157	163	0	197	97	97	144	172	208	236	109	121	175	201	151	163	140	140	187	187
fat-TV2775	153	157	187	187	97	99	138	170	208	214	109	109	0	0	151	161	124	124	170	179
fat-TV2780	137	169	183	183	99	105	146	158	220	234	105	109	175	197	153	163	123	124	169	187
fat-TV2781	157	161	185	197	97	117	138	150	208	218	105	109	173	175	163	167	123	142	187	187
fat-TV2782	157	157	0	0	0	0	160	168	208	234	105	109	175	175	151	161	124	138	179	187
fat-TV2783	0	0	0	0	0	0	0	0	0	0	0	0	0	0	163	163	126	138	184	189
fat-TV2784	163	163	0	197	97	99	144	146	218	224	105	121	175	175	151	167	134	138	179	195
fat-TV2788	163	163	183	185	97	99	144	158	208	220	121	121	175	197	153	163	124	124	187	187
fat-TV2789	157	157	197	197	0	0	150	160	208	224	121	121	175	211	153	161	124	138	178	189
fat-TV2790	159	161	197	197	101	101	142	160	224	232	105	105	175	175	159	167	126	126	183	191
fat-TV2792	165	171	195	197	101	109	146	170	208	216	105	121	175	197	153	163	124	138	167	179
fat-TV2795	145	171	185	187	99	99	146	170	208	220	109	121	175	213	161	163	132	138	169	187
fat-TV2796	155	159	185	205	99	99	0	0	0	0	0	0	0	0	163	167	124	138	167	167
fat-TV2797	169	183	197	207	113	115	146	174	208	228	105	121	183	201	151	163	124	124	170	184
fat-TV2798	149	157	185	185	99	99	146	160	0	214	105	105	173	211	151	161	138	138	187	189
fat-TV2804	171	171	195	195	99	107	150	160	222	224	105	105	175	183	153	163	130	130	181	189
fat-TV2806	0	0	0	0	0	0	0	0	0	0	0	0	0	0	163	167	134	134	181	189
fat-TV2808	151	159	185	187	97	99	142	160	0	0	121	121	175	213	163	165	126	126	169	181
fat-TV2810	157	165	199	207	111	113	142	160	214	234	105	105	175	175	151	159	126	126	169	189
fat-TV2812	157	161	193	193	101	101	138	142	218	218	105	121	175	183	151	161	132	138	187	191
fat-TV2813	139	163	189	197	111	111	138	142	226	232	109	109	175	183	163	163	126	126	167	184
fat-TV3001	161	173	187	197	111	111	150	150	220	222	105	105	175	183	161	163	132	138	193	195
fat-TV3002	161	167	181	187	97	107	148	170	208	208	105	121	175	199	151	165	124	134	182	195
fat-TV3003	151	163	197	197	0	0	136	150	216	232	105	105	175	183	167	167	123	132	180	182
fat-TV3005	159	163	195	197	97	99	142	150	234	234	121	121	175	197	0	0	0	0	0	0
fat-TV3006	149	151	205	207	107	107	142	148	208	236	105	105	175	175	151	161	128	132	169	189
fat-TV3007	145	163	183	193	99	99	144	146	220	236	105	121	175	201	163	165	126	131	181	181
fat-TV3008	163	171	197	207	105	105	148	150	220	234	105	125	175	197	161	175	138	138	181	195
fat-TV3009	157	157	181	195	95	99	146	150	222	224	105	105	189	211	151	167	126	126	189	189
fat-TV3010	171	173	185	197	105	111	150	150	220	242	105	125	175	175	151	175	138	138	181	195
fat-TV3011	145	163	195	197	105	115	142	150	218	224	105	105	183	197	151	163	125	132	181	195
fat-TV3012	159	171	0	0	99	99	148	170	218	234	105	105	175	175	161	163	132	138	182	189
fat-TV3013	149	163	173	181	99	115	146	148	224	234	105	121	183	183	167	177	124	128	179	181
fat-TV3014	163	165	181	193	97	99	142	152	208	208	109	109	175	185	163	165	124	138	189	195
fat-TV3015	153	163	183	197	109	111	142	158	208	230	105	125	183	183	151	161	138	142	170	189
fat-TV3016	163	165	197	199	99	99	150	150	218	222	105	105	175	175	163	167	124	131	181	181
fat-TV3017	165	173	187	197	99	105	148	150	208	220	105	125	175	197	161	163	132	138	195	195
fat-TV3018	137	167	0	197	99	99	144	170	220	222	105	113	187	187	163	177	124	126	169	185
fat-TV3019	163	171	185	203	99	99	150	160	234	234	109	125	183	205	163	167	138	138	169	181
fat-TV3020	153	171	185	207	111	111	142	150	234	242	125	125	175	183	0	0	133	138	181	183
fat-TV3021	153	171	185	197	121	121	150	152	226	234	105	125	169	183	165	175	125	138	169	181
fat-TV3022	153	163	185	197	111	111	148	164	208	208	105	121	175	175	150	163	124	132	169	182
fat-TV3023	151	169	197	197	91	97	150	170	208	220	121	121	175	175	161	163	126	142	182	187
fat-TV3024	153	171	207	207	111	111	142	168	220	222	105	109	175	187	163	163	138	142	179	193
fat-TV3025	159	163	193	197	99	125	152	170	210	222	105	105	175	183	151	161	124	138	0	0
fat-TV3026	163	163	193	199	99	107	150	160	208	218	105	121	175	0	163	167	132	186	179	193
fat-TV3027	163	175	199	205	99	109	150	150	208	224	105	121	175	183	163	167	132	138	182	193
fat-TV3028	145	157	183	205	125	125	136	150	234	234	105	109	175	201	167	167	138	138	182	189
fat-TV3029	145	163	199	199	99	107	146	150	218	228	121	121	175	175	163	163	126	186	182	193
fat-TV3030	159	163	187	199	99	107	150	160	208	208	105	121	175	183	163	167	132	186	193	193
fat-TV3031	0	0	0	0	107	107	150	170	218	220	109	121	175	183	161	167	124	124	169	181
fat-TV3032	159	163	185	185	111	111	0	0	210	224	105	105	175	207	165	165	126	138	185	187
fat-TV3033	151	161	187	205	95	111	150	170	208	230	109	121	175	183	0	161	126	138	181	193
fat-TV3034	151	161	187	205	95	111	150	170	208	230	109	121	175	183	0	161	123	138	183	0
fat-TV3035	155	163	183	205	99	99	160	170	234	236	105	121	173	173	153	167	138	138	181	185
fat-TV3036	163	163	193	193	99	99	150	170	218	234	121	121	175	185	159	167	132	138	169	179
fat-TV3037	169	177	193	197	97	99	142	150	208	230	109	121	183	201	150	163	126	126	181	191
fat-TV3038	169	177	193	197	97	99	0	0	0	0	0	0	0	0	151	163	126	126	181	191
fat-TV3041	153	159	197	203	99	107	146	170	224	224	105	121	175	175	161	175	124	124	169	169
fat-TV3042	159	169	183	197	97	99	148	150	228	230	109	109	175	213	151	163	124	138	181	191
fat-TV3043	163	169	0	0	107	107	148	164	224	232	105	121	175	199	163	177	126	138	185	195
fat-TV3044	165	173	185	197	107	107	142	164	210	220	105	105	175	175	165	167	124	133	185	193
fat-TV3045	171	173	195	205	99	111	146	170	208	224	105	105	175	189	151	165	124	142	183	187
fat-TV3046	137	163	195	197	95	99	150	150	0	0	105	125	175	203	153	167	138	142	170	185
fat-TV3047	159	167	183	195	99	111	156	162	210	238	101	109	175	175	163	167	134	142	180	193
fat-TV3048	153	167	173	195	111	111	170	170	224	236	121	125	183	201	153	175	124	138	195	195
fat-TV3049	159	161	193	197	97	107	150	150	228	230	109	109	175	175	163	167	124	138	181	191
fat-TV3050	163	169	197	199	99	107	150	164	238	240	121	121	173	183	167	167	132	132	189	195
fat-TV3051	169	171	185	185	111	111	142	144	222	234	121	121	175	197	167	167	138	138	182	185
fat-TV3052	151	177	193	205	99	111	152	160	208	212	109	109	175	175	151	169	124	142	182	0
fat-TV3053	163	169	183	195	99	99	142	170	208	218	109	125	195	213	0	0	138	138	0	0
fat-TV3054	151	179	191	205	99	111	146	170	218	230	105	105	175	193	167	0	124	152	0	0
fat-TV3055	159	171	197	197	99	99	158	164	218	240	105	121	173	175	159	167	132	132	187	195
fat-TV3056	159	171	197	197	91	97	150	170	230	240	109	121	173	175	167	167	132	138	181	195
fat-TV3201	0	0	175	191	114	114	152	152	222	224	105	125	179	191	151	165	129	142	177	182
fat-TV3202	159	159	185	185	99	107	142	154	208	224	121	121	175	175	151	163	134	134	173	187
fat-TV3203	159	163	185	197	99	107	142	154	224	236	121	121	175	175	151	163	134	144	173	187
fat-TV3204	167	181	185	191	113	113	142	150	208	214	105	105	175	211	169	169	134	142	187	189
fat-TV3205	149	153	181	195	111	115	142	148	218	224	105	105	173	0	151	163	125	125	185	187
fat-TV3206	149	173	173	205	99	99	148	158	224	238	105	109	175	183	161	175	144	144	168	181
fat-TV3207	149	173	173	205	99	99	148	158	224	238	105	109	175	183	161	175	144	144	168	181
fat-TV3208	143	169	183	191	99	115	144	148	212	220	105	121	175	199	163	163	138	142	189	195
fat-TV3209	145	177	195	195	115	115	142	150	234	236	105	121	175	183	161	163	125	125	181	189
fat-TV3210	137	159	0	195	107	109	142	160	218	228	105	105	175	183	151	163	123	138	189	193
fat-TV3211	167	179	191	197	99	99	150	154	208	220	121	121	189	211	163	169	127	134	171	187
fat-TV3212	0	0	191	197	99	115	142	142	208	220	105	105	189	211	169	169	126	127	150	187
fat-TV3213	159	179	185	191	113	115	142	150	220	236	121	121	189	211	151	163	126	127	171	187
fat-TV3214	143	157	173	175	99	119	144	172	212	224	105	105	181	199	165	169	142	152	187	189
fat-TV3215	145	163	181	195	111	111	142	148	208	218	105	121	201	201	151	151	132	138	0	0
fat-TV3216	155	163	181	195	99	111	142	148	218	224	105	121	175	183	151	163	132	138	0	0
fat-TV3217	169	175	187	187	113	115	154	172	222	234	105	109	175	189	151	175	124	125	181	181
fat-TV3218	175	177	197	197	99	99	142	142	224	228	105	121	195	197	163	167	123	132	181	181
fat-TV3219	157	171	187	187	111	115	142	154	214	226	109	109	175	189	151	151	142	144	175	181
fat-TV3220	175	181	195	199	99	99	160	164	210	220	105	105	183	199	151	169	140	146	150	150
fat-TV3221	163	169	185	195	95	99	148	160	210	238	105	105	183	183	151	167	124	186	181	189
fat-TV3222	171	177	175	187	99	121	148	152	226	236	105	109	179	179	161	169	140	142	175	175
fat-TV3223	145	171	177	187	113	121	148	170	228	236	105	109	179	183	161	163	142	142	171	177
fat-TV3224	177	181	175	197	107	107	146	146	210	226	109	109	179	183	163	169	144	144	170	194
fat-TV3225	149	169	175	193	0	0	150	152	220	236	105	109	193	193	151	165	140	142	179	179
fat-TV3226	149	159	173	199	99	99	150	152	214	228	105	105	193	195	165	169	124	144	167	167
fat-TV3227	163	169	195	205	95	111	142	154	208	234	101	109	173	185	161	161	125	186	171	193
fat-TV3228	143	185	191	195	95	95	150	150	214	218	105	105	199	211	163	169	142	146	150	193
fat-TV3229	159	161	181	187	111	121	148	158	214	226	105	105	175	175	149	163	124	156	181	190
fat-TV3230	161	177	185	185	109	115	142	148	208	218	105	121	173	175	167	177	132	144	195	195
fat-TV3231	145	173	197	197	99	105	148	150	224	228	105	121	175	197	151	163	126	138	182	195
fat-TV3232	157	171	185	197	91	97	142	162	220	232	105	113	175	0	161	163	126	126	185	193
fat-TV3233	149	171	185	193	99	101	146	148	210	214	105	113	183	183	151	151	132	138	177	181
fat-TV3234	155	165	187	197	99	117	142	146	208	214	105	105	183	201	165	165	132	156	182	190
fat-TV3235	0	0	0	0	0	0	146	152	216	222	105	105	183	183	169	169	125	142	170	179
fat-TV3236	163	163	175	195	111	115	150	154	226	236	101	109	175	175	151	163	142	142	181	0
fat-TV3237	169	179	173	189	93	113	150	152	226	228	105	105	167	189	151	165	133	144	181	181
fat-TV3238	151	161	185	197	99	107	146	148	226	232	109	109	183	183	151	169	140	148	181	194
fat-TV3239	169	171	191	193	107	109	150	158	220	234	105	105	169	189	169	169	128	144	183	194
fat-TV3240	161	169	193	197	99	107	148	150	230	242	109	121	175	183	153	167	123	138	169	191
fat-TV3241	171	171	0	0	107	111	152	152	212	216	101	105	169	183	153	167	123	129	170	181
fat-TV3243	157	169	175	195	111	121	148	172	226	234	109	109	179	0	161	161	125	138	177	193
fat-TV3244	167	169	173	173	113	115	158	158	224	228	105	105	167	189	151	165	144	186	179	186
fat-TV3245	163	167	179	193	101	101	148	150	230	236	109	121	175	213	151	167	125	125	181	193
fat-TV4251	149	157	185	195	99	111	146	162	230	238	105	109	177	197	161	169	140	158	187	187
fat-TV4252	155	165	175	189	109	119	154	168	210	222	109	109	0	0	163	165	127	156	171	195
fat-TV4253	165	173	175	189	109	119	154	154	228	234	105	105	0	0	0	0	0	0	0	0
fat-TV4254	149	173	175	189	95	95	150	156	210	220	105	121	183	0	151	163	126	133	171	181
fat-TV4255	159	175	183	205	109	121	148	148	214	220	109	113	179	195	151	169	134	134	167	173
fat-TV4256	143	165	175	185	99	109	146	168	222	224	109	109	197	197	163	165	156	174	193	193
fat-TV4257	157	171	195	197	101	119	158	168	220	234	105	109	175	203	151	151	129	138	181	191
fat-TV4258	157	167	185	195	0	0	146	154	212	220	105	117	175	175	151	165	128	134	167	181
fat-TV4259	157	175	175	175	109	109	152	168	214	234	105	105	0	197	167	167	127	142	183	193
fat-TV4260	157	169	185	197	99	109	150	152	224	242	105	105	167	189	153	167	132	174	186	186
fat-TV4261	155	157	185	185	107	113	152	154	212	214	109	109	187	197	167	167	133	142	179	183
fat-TV4262	155	181	185	189	93	107	146	152	212	224	109	109	183	187	165	167	133	133	0	167
fat-TV4263	151	177	177	209	111	113	152	154	220	224	105	109	167	179	163	165	124	129	180	182
fat-TV4264	163	179	189	195	109	109	154	178	226	226	105	117	189	189	165	165	127	127	179	179
fat-TV4265	157	179	185	189	107	109	152	178	212	228	105	109	187	189	167	167	140	140	167	179
fat-TV4266	143	171	185	189	99	109	146	148	214	218	105	105	183	197	163	169	174	186	183	183
fat-TV4267	157	179	181	195	95	107	154	178	212	224	105	109	175	183	163	169	126	140	150	171
fat-TV4268	169	179	185	199	109	123	146	178	214	226	105	125	175	197	151	167	126	142	150	150
fat-TV4269	151	169	177	185	111	113	146	154	214	224	105	125	191	197	167	167	129	140	0	0
fat-TV4270	159	179	195	195	95	113	146	178	214	224	105	117	175	211	151	165	140	142	167	169
fat-TV4271	157	159	185	185	109	109	152	158	224	234	121	121	175	189	159	163	174	174	169	183
fat-TV4272	169	179	185	189	107	113	152	154	214	220	105	109	187	187	165	167	133	140	177	183
fat-TV4273	169	179	185	199	113	121	148	152	214	218	105	109	175	197	163	165	140	142	179	191
fat-TV4274	141	169	181	185	93	99	152	154	224	236	105	109	199	199	151	167	129	140	167	183
fat-TV4275	0	0	189	195	95	95	150	154	228	232	117	125	189	199	151	167	133	140	167	186
fat-TV4276	167	177	173	189	95	99	152	178	224	248	105	105	175	191	151	169	124	140	161	167
fat-TV4277	161	179	173	195	95	99	146	154	224	224	105	109	175	0	169	169	128	131	167	193
fat-TV4278	161	179	175	189	111	119	150	154	0	0	117	125	0	0	151	167	133	138	179	183
fat-TV4279	157	159	177	195	93	99	148	168	212	0	105	105	183	203	151	167	126	138	179	181
fat-TV4280	167	169	189	203	107	107	146	178	212	224	105	105	175	199	151	169	132	140	150	181
fat-TV4281	159	167	193	203	99	99	150	162	220	226	109	109	189	189	151	169	128	140	175	183
fat-TV4282	157	169	181	185	95	113	146	146	212	212	109	117	183	197	163	165	126	140	171	179
fat-TV4283	151	175	193	195	99	117	166	168	214	224	105	125	0	199	165	183	134	156	167	179
fat-TV4284	161	175	173	173	109	117	146	168	224	226	105	105	0	217	149	167	131	156	167	193
fat-TV4285	171	175	173	195	95	123	0	0	0	0	105	113	175	0	163	167	138	142	179	189
fat-TV4286	167	175	175	181	93	123	146	168	214	224	105	109	197	215	149	167	126	142	179	193
fat-TV4287	169	175	173	185	93	117	152	168	224	226	105	109	197	215	149	167	134	142	179	193
fat-TV4288	145	169	173	181	117	123	146	168	224	226	105	105	197	215	163	163	142	156	167	183
fat-TV4289	157	161	193	195	109	121	154	162	224	228	109	109	175	0	163	163	128	164	191	193
fat-TV4290	165	169	175	175	91	99	150	154	208	234	105	105	183	0	163	163	142	156	187	193
fat-TV4291	155	169	175	197	93	99	146	152	212	242	105	105	0	199	151	161	129	140	167	183
fat-TV4292	157	179	181	189	99	107	152	154	214	228	109	109	187	205	151	167	136	140	167	173
fat-TV4293	161	179	173	193	99	109	148	154	218	224	109	109	175	0	163	167	128	164	182	191
fat-TV4294	149	171	175	175	99	99	146	168	210	224	105	109	183	0	165	165	140	164	174	182
fat-TV4295	149	171	175	175	99	99	146	168	0	0	105	109	0	0	165	165	140	164	174	182
fat-TV4296	159	171	175	183	99	119	150	168	222	222	105	109	175	187	163	169	138	156	179	183
fat-TV4297	167	169	173	185	91	93	146	168	212	226	105	105	183	183	151	165	126	142	0	187
fat-TV4298	169	179	185	199	93	117	152	154	212	218	125	125	175	213	167	169	134	142	0	0
fat-TV4299	169	181	185	203	93	93	150	152	220	220	105	105	197	199	167	167	134	140	193	193
fat-TV4300	167	175	175	189	95	99	154	168	212	222	105	117	0	0	163	165	127	140	167	182
fat-TV4301	157	165	175	193	99	121	148	154	218	222	109	109	175	0	163	163	127	142	182	193
fat-TV4302	161	179	181	197	101	119	150	152	216	220	105	105	183	189	151	165	128	140	181	181
fat-TV4303	159	177	177	189	95	99	150	170	222	226	105	105	183	191	151	165	125	186	175	181
fat-TV4304	163	173	193	195	95	95	150	170	214	214	105	109	187	187	151	167	128	144	179	189
fat-TV4305	165	167	173	175	93	109	154	162	214	222	105	109	175	0	163	169	127	142	182	197
fat-TV4306	157	175	175	195	99	121	146	150	210	222	105	105	175	0	165	169	138	156	167	182
fat-TV4307	161	163	173	195	91	109	148	170	224	226	105	105	189	189	151	165	128	142	150	194
fat-TV4308	165	175	177	187	99	99	152	152	214	226	105	105	167	187	163	173	125	129	175	180
fat-TV4309	169	171	195	197	95	109	162	168	214	234	105	109	179	0	151	167	156	164	181	183
fat-TV4310	149	157	191	197	115	115	142	150	230	244	105	105	175	187	151	161	126	129	187	195
fat-TV4311	153	159	195	205	99	99	158	162	222	224	105	121	183	189	151	163	126	186	0	183
fat-TV4312	153	167	173	197	93	115	158	166	214	230	109	109	175	175	151	163	140	144	187	187
fat-TV4313	155	157	179	205	91	121	148	160	224	226	105	121	189	203	151	151	134	138	182	195
fat-TV4314	169	171	189	195	91	117	140	162	208	216	105	121	183	183	151	169	124	144	187	195
fat-TV4315	0	0	0	0	0	0	154	164	222	222	109	121	189	199	151	161	132	144	182	194
fat-TV4316	157	169	179	195	99	99	150	154	228	230	105	109	177	187	151	151	126	142	179	188
fat-TV4317	159	169	179	205	121	121	150	150	208	228	105	121	175	187	151	169	140	142	179	187
fat-TV4318	169	177	175	179	93	121	150	154	222	234	105	105	175	189	151	161	132	144	182	194
fat-TV4319	153	169	173	179	91	93	148	158	208	224	109	121	175	175	163	169	138	142	195	197
fat-TV4320	165	169	173	0	99	121	148	158	204	208	105	121	175	189	169	175	129	138	175	194
fat-TV4321	157	161	173	0	91	101	146	148	208	220	101	109	0	0	151	151	126	138	182	195
fat-TV4322	0	0	0	0	0	0	150	162	224	234	105	109	175	189	151	163	138	144	182	195
fat-TV4501	163	173	175	185	95	97	148	154	224	224	113	121	175	175	169	175	0	0	173	191
fat-TV4502	161	179	173	195	99	99	148	154	214	224	105	105	187	205	167	169	126	144	179	186
fat-TV4503	173	181	187	187	95	95	152	156	210	220	105	105	183	189	151	163	127	138	179	181
fat-TV4504	159	173	197	197	95	99	148	154	222	228	109	113	195	195	163	169	124	133	171	186
fat-TV4505	159	177	179	195	99	99	152	162	208	222	105	105	189	189	151	151	124	142	181	194
fat-TV4506	157	179	185	193	0	0	150	152	222	228	105	109	189	197	151	167	124	142	150	183
fat-TV4507	149	153	189	195	99	121	142	162	218	226	105	109	187	203	151	151	125	129	169	183
fat-TV4508	151	165	195	195	109	109	148	154	228	234	105	105	0	211	151	163	125	164	181	181
fat-TV4509	157	171	185	195	117	119	140	152	214	216	113	117	183	183	151	167	124	142	161	167
fat-TV4510	151	169	173	175	0	0	148	150	214	226	105	109	185	211	151	165	129	140	169	182
fat-TV4511	161	175	173	197	97	99	146	148	216	220	105	109	199	203	151	163	138	140	169	186
fat-TV4512	149	169	181	185	99	123	152	168	210	214	109	109	183	197	167	169	0	0	183	191
fat-TV4513	149	165	173	189	95	95	146	152	220	228	105	105	191	211	163	175	129	144	161	179
fat-TV4514	149	149	175	189	99	99	146	162	226	228	105	109	183	211	151	163	129	138	179	182
fat-TV4515	0	0	0	0	0	0	0	0	0	0	109	109	195	211	151	151	129	154	187	187
fat-TV4516	159	169	179	181	99	99	146	162	208	220	105	105	167	203	151	169	125	142	192	192
fat-TV4517	159	161	179	181	121	121	152	162	220	226	105	105	189	189	151	169	125	142	169	192
fat-TV4518	177	177	175	187	109	111	146	160	224	224	105	105	167	197	163	169	133	148	182	182
fat-TV4519	167	169	181	185	115	119	146	162	214	228	109	113	197	197	167	167	140	142	0	0
fat-TV4520	159	179	193	195	99	121	146	158	222	224	105	113	175	195	167	167	124	144	0	182
fat-TV4521	159	185	173	173	99	101	152	168	214	226	105	109	185	185	169	169	142	170	169	181
fat-TV4522	159	179	175	193	111	119	162	162	228	228	105	109	189	211	163	169	129	140	0	182
fat-TV4523	147	159	175	179	111	121	162	168	208	214	121	121	183	203	151	151	134	142	169	182
fat-TV4524	167	169	175	189	107	123	152	154	212	228	105	117	183	183	169	169	140	142	167	182
fat-TV4525	179	185	173	193	101	119	154	168	214	228	105	105	185	189	169	169	126	170	0	0
fat-TV4526	157	159	173	189	99	99	146	0	220	226	105	105	189	203	151	163	138	156	169	171
fat-TV4527	0	0	0	0	0	0	0	0	0	0	0	0	0	0	0	0	0	0	0	0
fat-TV4528	157	173	177	181	99	123	146	152	214	228	105	105	167	183	163	167	129	134	167	175
fat-TV4529	145	177	183	187	99	99	142	142	232	234	105	121	175	175	163	163	138	138	179	181
fat-TV4530	157	171	173	185	115	123	152	162	220	228	105	109	175	197	167	171	142	142	167	194
fat-TV4531	151	169	175	189	95	95	152	162	220	226	105	109	191	191	151	167	125	140	169	179
fat-TV4532	161	179	185	187	95	119	154	154	226	228	105	117	187	189	0	0	0	0	0	0
fat-TV4533	161	179	185	187	95	119	154	154	226	228	105	117	187	189	165	165	123	140	175	179
fat-TV4534	157	171	181	195	123	123	0	0	0	0	0	0	0	0	165	167	127	133	0	193
fat-TV4535	157	185	183	185	121	123	0	0	0	0	0	0	0	0	151	167	124	133	167	193
fat-TV4536	151	179	175	191	99	113	144	168	222	238	105	125	167	225	165	179	129	144	183	196
fat-TV4537	157	157	175	181	95	107	146	154	228	232	105	105	199	199	151	167	128	133	169	193
fat-TV4538	0	0	0	0	0	0	0	0	0	0	0	0	0	0	0	0	0	0	0	0
fat-TV4539	149	159	185	195	115	115	152	168	214	220	109	109	191	213	163	163	126	132	189	193
fat-TV4540	155	159	185	203	0	0	152	152	214	220	105	105	189	197	151	165	140	140	181	181
fat-TV4541	0	0	0	0	0	0	0	0	0	0	0	0	0	0	0	0	0	0	0	0
fat-TV4542	159	163	187	197	99	99	150	150	208	222	109	109	175	199	151	151	125	138	181	187
fat-TV4543	153	159	0	203	99	99	150	150	220	226	105	121	175	199	151	151	138	144	181	195
fat-TV4544	157	167	189	193	99	119	154	162	226	228	105	105	189	191	167	167	124	140	150	186
fat-TV4545	155	181	197	203	99	99	152	154	208	236	105	105	191	199	151	167	138	140	167	181
fat-TV4546	173	179	187	189	95	119	150	154	214	228	105	117	187	187	167	167	128	140	179	183
fat-TV4547	155	181	185	203	99	119	150	152	212	220	105	109	199	199	151	165	138	140	167	183
fat-TV4548	167	169	179	189	91	105	154	162	214	226	105	109	175	189	151	151	128	134	150	194
fat-TV4549	161	167	185	187	115	119	146	154	218	222	105	109	187	187	161	177	129	144	175	183
fat-TV4550	155	173	189	205	107	107	142	154	228	234	109	113	183	215	165	167	124	148	179	193
fat-TV4551	155	167	185	197	0	0	146	178	212	234	109	113	175	187	151	175	126	129	150	183
fat-TV4552	171	173	189	195	111	119	142	150	228	234	109	113	183	183	165	167	124	148	173	181
fat-TV4553	169	175	173	195	95	119	146	152	218	224	109	109	187	195	151	151	144	144	165	181
fat-TV4554	163	175	173	195	95	107	150	150	214	218	105	113	179	195	151	151	128	144	165	181
fat-TV4555	163	171	175	187	113	123	152	164	220	226	105	105	183	199	151	167	128	134	181	181
fat-TV4556	145	169	175	187	123	123	148	168	220	226	109	109	183	0	149	167	142	142	167	193
fat-TV4557	155	155	191	195	99	115	168	170	220	224	105	105	175	197	169	169	134	144	171	171
fat-TV4558	157	175	173	205	109	115	152	168	220	220	109	109	179	197	151	163	134	134	173	181
fat-TV4559	167	171	195	195	95	97	148	148	214	224	109	113	189	189	167	169	128	138	189	191
fat-TV4560	159	163	177	195	99	111	142	150	208	234	105	121	175	189	151	151	142	186	183	189
fat-TV4561	167	193	195	195	115	115	0	0	208	224	0	0	175	187	161	165	127	138	161	169
fat-TV4562	171	177	181	207	99	115	148	154	220	220	109	109	175	189	151	167	126	148	150	195
fat-TV4563	161	177	173	177	95	111	142	146	210	220	121	121	183	211	151	165	126	126	183	191
fat-TV4564	163	163	185	197	95	99	130	148	222	226	105	109	175	183	151	167	129	129	187	193
fat-TV4565	149	163	195	205	99	115	150	154	220	224	105	109	187	195	151	161	123	186	189	191
fat-TV4566	167	177	177	197	97	111	142	148	208	224	105	121	175	211	163	169	126	126	150	150
fat-TV4567	157	171	173	177	99	121	148	154	218	224	109	109	179	195	161	165	140	140	179	189
fat-TV4568	149	167	195	207	93	99	160	168	208	218	105	105	175	189	151	161	138	144	169	195
fat-TV4569	167	173	175	205	93	95	146	162	208	222	113	121	175	189	151	151	138	142	182	197
fat-TV4570	167	173	173	177	95	111	152	154	214	224	105	109	189	189	151	163	129	138	0	0
fat-TV4571	157	159	177	181	95	99	148	148	216	224	109	113	175	175	167	169	134	142	187	195
fat-TV4572	157	159	173	177	99	111	158	168	220	238	105	109	175	179	151	151	138	186	175	189
fat-TV4573	155	159	195	197	99	109	142	170	220	230	105	121	175	175	163	167	138	142	174	183
fat-TV4751	171	173	173	185	95	99	158	162	208	226	105	121	173	175	151	163	144	144	181	193
fat-TV4752	143	159	191	195	95	95	150	154	214	218	105	105	199	219	165	169	127	152	150	179
fat-TV4753	159	177	191	191	0	0	150	164	214	224	105	105	183	211	151	163	142	146	150	189
fat-TV4754	143	159	181	191	115	115	142	168	214	220	105	105	179	189	151	169	138	148	167	171
fat-TV4755	143	179	191	195	99	99	142	144	218	220	105	105	189	199	151	169	138	146	171	193
fat-TV4756	143	157	179	191	99	99	150	154	210	220	121	121	189	189	151	151	126	138	0	0
fat-TV4757	171	179	173	191	99	99	142	146	220	222	105	105	179	211	169	169	138	140	150	179
fat-TV4758	171	179	187	191	99	115	152	154	220	220	105	105	193	211	169	169	138	138	171	179
fat-TV4759	161	183	191	197	95	115	146	170	220	228	109	109	195	211	151	167	127	140	150	150
fat-TV4760	171	171	187	195	95	99	148	148	220	222	105	105	179	193	165	169	140	140	167	169
fat-TV4761	169	177	175	187	97	111	146	148	226	238	105	105	187	203	163	167	140	148	181	181
fat-TV4762	0	0	187	187	110	122	142	166	220	224	109	109	177	183	151	169	129	129	177	181
fat-TV4763	169	181	175	207	95	95	146	154	224	228	105	109	173	187	167	169	144	144	170	190
fat-TV4764	149	169	187	191	109	109	148	158	210	222	105	105	189	193	165	169	129	129	150	179
fat-TV4765	159	163	195	207	99	107	154	168	214	218	105	105	173	175	151	167	138	138	150	189
fat-TV4766	159	171	185	193	99	107	148	148	220	220	105	109	175	183	151	169	126	144	173	183
fat-TV4767	157	163	179	195	105	105	148	150	208	228	105	109	175	189	151	167	126	138	167	170
fat-TV4768	171	171	187	195	109	109	162	166	220	220	113	113	177	187	169	169	132	142	179	191
fat-TV4769	171	171	189	193	99	101	148	148	214	224	105	105	167	189	161	167	133	142	183	183
fat-TV4770	157	171	189	197	95	99	148	148	214	214	105	125	183	199	167	169	0	0	179	191
fat-TV4771	163	171	189	205	115	0	152	154	210	220	105	109	189	189	165	165	140	144	150	167
fat-TV4772	163	175	185	187	91	91	148	158	214	224	105	105	173	179	151	167	128	134	189	195
fat-TV4773	171	179	179	189	95	97	158	168	214	220	105	109	183	199	165	169	144	148	179	191
fat-TV4774	163	171	187	191	99	109	148	154	218	220	105	105	189	193	151	165	144	144	150	167
fat-TV4775	155	159	173	195	99	105	154	168	222	224	105	105	175	187	151	151	134	134	167	191
fat-TV4776	171	171	189	197	97	99	148	168	210	214	105	109	179	199	163	169	0	0	167	191
fat-TV4777	159	163	185	195	105	121	0	0	0	0	0	0	0	0	151	167	134	138	167	189
fat-TV4778	159	163	185	195	105	121	148	154	224	228	105	121	173	173	151	167	134	138	167	189
fat-TV4779	0	0	197	197	99	99	142	150	208	208	105	105	175	205	151	151	126	138	181	189
fat-TV4780	157	159	175	189	95	95	148	154	214	224	105	109	175	189	151	169	126	126	179	189
fat-TV4781	157	163	185	185	111	113	150	152	212	224	105	105	173	197	163	163	132	142	183	195
fat-TV4782	157	167	185	197	97	99	144	152	208	234	105	105	175	211	151	161	124	138	161	181
fat-TV4783	175	177	195	201	99	121	146	148	224	226	105	105	179	183	151	167	134	142	170	182
fat-TV4784	137	161	173	197	99	99	150	152	208	224	105	105	175	183	151	169	128	140	0	0
fat-TV4785	169	169	193	205	111	111	152	172	214	224	101	101	183	189	163	169	127	142	179	186
fat-TV4786	157	159	185	197	99	109	142	146	208	220	105	105	175	187	151	163	128	128	181	189
fat-TV4787	159	179	185	185	95	107	148	178	0	0	105	109	175	175	151	169	126	144	173	191
fat-TV4788	157	157	185	197	99	111	142	168	214	236	105	105	175	175	151	169	132	138	181	181
fat-TV4789	159	171	193	195	99	101	142	146	214	214	105	105	175	189	169	169	148	186	183	183
fat-TV4790	145	173	187	189	109	113	146	158	210	232	105	105	187	201	151	161	128	144	181	181
fat-TV4791	171	181	175	195	99	109	148	150	222	224	105	105	185	185	151	151	138	144	179	179
fat-TV4792	159	177	0	0	99	105	148	150	208	220	121	121	173	175	163	175	132	132	182	189
fat-TV4793	147	173	173	189	99	115	160	162	214	218	105	105	193	219	167	169	142	142	171	187
fat-TV4794	157	163	181	197	99	121	150	150	236	236	105	109	175	189	151	175	128	140	181	187
fat-TV4795	137	159	191	197	99	111	142	148	208	222	105	105	175	205	151	165	128	152	189	189
fat-TV4796	175	177	193	207	111	111	146	160	220	224	101	105	191	191	151	167	133	148	180	187
fat-TV4797	155	161	173	195	99	99	148	162	208	214	105	105	205	219	151	167	164	164	179	183
fat-TV4798	171	171	185	205	111	121	146	152	216	238	105	105	179	179	163	163	140	142	169	179
fat-TV4799	157	165	187	187	99	101	146	168	214	218	105	109	189	191	161	167	0	0	183	183
fat-TV4800	151	171	185	189	99	121	146	148	212	220	105	105	183	183	151	165	126	148	181	193
fat-TV4801	167	169	175	197	97	99	142	152	222	224	101	109	181	199	163	169	0	0	181	181
fat-TV4802	171	171	193	193	99	101	146	148	214	220	105	105	183	189	161	169	126	148	181	183
fat-TV4803	171	171	193	193	99	101	146	148	214	220	105	105	183	189	161	169	126	148	181	183
fat-TV4804	171	177	173	205	99	101	146	172	214	222	105	125	179	179	151	153	134	148	167	179
fat-TV4805	167	171	187	193	99	109	138	146	214	224	105	105	189	203	149	169	144	148	181	186
fat-TV4806	151	179	185	189	99	101	158	158	212	214	105	109	179	189	151	167	144	148	179	193
fat-TV4807	171	177	193	195	99	101	146	160	220	224	105	105	189	199	0	0	126	144	183	193
fat-TV4808	171	171	173	189	99	111	146	146	222	232	105	105	187	0	0	0	0	0	0	0
fat-TV4809	145	177	187	189	113	113	148	150	220	222	105	105	175	203	151	169	132	132	167	183
fat-TV4810	147	171	195	195	99	115	146	154	222	230	105	105	175	187	151	169	138	148	167	175
fat-TV4811	145	147	189	189	99	99	142	146	220	228	105	105	175	183	169	169	144	186	179	183
fat-TV4812	171	177	175	181	111	111	148	168	224	228	105	105	175	0	167	169	132	132	181	189
fat-TV4813	171	175	173	195	99	113	148	168	212	220	105	105	179	183	165	169	140	140	0	0
fat-TV4814	149	179	205	205	111	121	158	168	212	238	105	105	169	175	165	169	132	142	183	183
fat-TV4815	171	175	173	195	99	113	148	168	212	220	105	105	179	183	165	169	140	140	0	0
fat-TV4816	155	175	0	205	99	113	162	168	214	220	105	105	169	175	0	0	132	132	180	183
fat-TV4817	149	175	173	195	99	113	142	162	220	224	105	109	179	179	163	165	140	186	175	186
fat-TV4818	163	171	181	207	107	107	146	148	214	224	105	105	191	0	167	167	133	144	183	189
fat-TV4819	0	0	189	193	112	112	150	152	212	220	105	105	183	191	167	169	133	144	181	187
fat-TV4820	163	177	195	207	95	114	148	154	214	224	109	113	179	199	151	169	128	133	187	187
fat-TV4821	169	175	193	205	111	113	146	150	220	232	101	105	189	189	165	169	133	144	187	187
fat-TV4822	171	171	189	195	109	113	142	168	214	224	105	105	187	0	165	167	132	144	169	181
fat-TV4823	171	175	193	195	99	111	146	146	220	222	101	105	187	191	167	169	148	148	165	187
fat-TV4824	149	171	173	195	99	99	142	150	218	220	105	105	183	183	169	169	144	186	181	181
fat-TV4825	151	171	181	195	99	113	154	168	224	228	109	109	175	175	167	167	144	186	0	0
fat-TV4826	147	171	189	189	99	99	146	148	218	228	105	105	183	0	167	169	132	186	183	183
fat-TV4827	0	0	185	189	100	114	168	168	214	214	105	105	179	183	151	169	132	148	167	167
fat-TV4828	0	0	189	197	112	112	152	168	212	214	105	105	183	187	163	169	142	148	179	183
fat-TV4829	171	171	193	195	109	115	148	162	214	224	105	109	175	179	165	169	132	142	169	177
fat-TV4830	165	175	175	195	99	121	154	168	222	222	101	105	175	191	167	169	144	148	183	183
fat-TV4831	149	163	185	193	99	109	146	162	214	224	109	113	175	175	151	175	126	132	191	191
fat-TV4832	171	175	193	195	95	109	160	162	220	224	113	113	175	191	161	167	140	148	191	193
fat-TV4833	165	171	175	189	95	99	158	168	220	222	105	125	175	191	167	167	140	144	169	183
fat-TV4834	167	167	175	177	99	123	146	160	224	224	101	105	187	199	151	167	131	144	187	0
fat-TV4835	165	175	177	203	109	111	148	158	220	226	101	105	175	191	151	167	140	148	180	191
fat-TV4836	167	171	193	195	97	111	146	160	220	222	113	113	183	199	151	163	140	144	0	180
fat-TV4837	171	171	177	195	109	121	148	158	224	236	105	109	175	179	161	167	138	144	193	195
fat-TV4838	159	175	193	195	99	113	146	148	208	224	105	105	183	191	151	167	133	144	177	189
fat-TV4839	149	167	189	193	95	95	154	160	224	232	101	105	191	199	167	167	128	140	169	193
fat-TV5001	179	179	201	207	0	0	162	168	226	226	105	105	175	175	151	151	140	140	187	187
fat-TV5002	153	157	197	197	99	111	162	170	222	232	105	121	175	175	163	163	126	126	187	189
fat-TV5010	0	0	0	0	0	0	0	0	0	0	0	0	0	0	163	167	134	142	181	185
fat-TV5013	0	0	0	0	0	0	148	150	218	224	109	121	175	189	0	0	0	0	0	0
fat-TV5014	0	0	0	0	0	0	148	150	224	228	109	121	175	183	0	0	0	0	0	0
fat-TV5015	0	0	0	0	0	0	148	160	218	230	105	121	175	203	0	0	0	0	0	0
fat-TV5019	167	169	185	185	0	0	150	160	222	238	105	105	175	175	163	167	125	138	169	182
fat-TV5020	167	179	183	185	99	115	146	150	208	230	113	121	175	175	0	0	0	0	0	0
fat-TV5021	151	185	193	197	99	99	150	158	222	224	105	121	175	175	0	0	0	0	0	0
fat-TV5022	149	163	0	0	97	99	146	150	208	222	105	105	175	205	0	0	0	0	0	0
fat-TV5023	145	149	193	195	99	107	170	170	218	236	121	121	175	185	163	163	138	0	189	195
fat-TV5024	167	171	185	185	101	101	142	144	222	238	105	105	175	175	163	167	138	138	0	182
fat-TV5025	145	161	187	195	99	117	142	176	208	240	105	125	167	189	163	165	144	144	169	175
fat-TV5026	151	161	183	195	99	119	152	176	222	226	105	125	199	199	163	165	144	144	175	185
fat-TV5028	171	179	197	203	99	107	142	150	228	236	105	105	175	175	0	0	0	0	0	0
fat-TV5029	171	179	197	203	99	107	150	150	228	236	121	121	175	175	0	0	0	0	0	0
fat-TV5030	159	169	173	207	111	115	150	160	208	238	105	109	183	183	0	0	126	126	0	0
fat-TV5031	165	177	197	197	99	99	144	148	208	222	105	109	175	175	163	175	123	142	182	189
fat-TV5032	167	171	185	203	101	107	142	150	208	236	109	109	175	175	163	163	126	138	179	189
fat-TV5033	163	175	197	197	99	101	146	170	208	234	105	105	175	175	0	0	132	132	0	0
fat-TV5034	171	171	193	195	99	107	142	142	208	208	105	105	175	175	0	0	126	126	191	193
fat-TV5035	137	167	185	187	101	109	170	170	226	232	105	109	183	205	161	167	126	126	169	175
fat-TV5037	137	163	197	205	97	99	148	150	220	220	105	121	181	213	161	167	126	126	171	181
fat-TV5038	153	153	185	201	91	107	144	160	222	238	105	105	175	183	163	165	138	138	186	195
fat-TV5039	159	167	175	0	99	105	150	170	222	236	105	121	175	175	151	167	124	138	169	189
fat-TV5040	135	163	195	195	99	99	138	142	236	236	105	105	175	197	151	175	132	132	171	182
fat-TV5041	159	163	185	197	107	111	148	160	208	218	105	121	175	175	163	167	126	126	182	185
fat-TV5042	137	157	193	193	99	99	142	160	218	234	121	121	183	183	167	167	125	140	179	193
fat-TV5043	161	175	185	0	97	111	142	170	220	230	105	121	183	213	163	175	134	138	182	195
fat-TV5044	137	167	183	195	101	107	142	170	218	228	105	105	175	185	167	167	126	186	171	175
fat-TV5045	145	167	173	199	107	109	160	160	218	242	105	121	175	175	151	163	132	138	186	193
fat-TV5046	149	163	191	193	99	111	148	170	220	238	121	121	175	195	151	163	132	132	170	182
fat-TV5047	159	165	173	173	99	99	142	142	218	220	105	105	175	175	163	167	132	138	169	187
fat-TV5048	163	183	193	195	111	111	148	150	224	224	101	105	175	0	163	175	124	138	181	187
fat-TV5049	161	169	195	197	97	99	150	150	208	208	121	125	175	175	163	171	132	132	169	179
fat-TV5050	159	169	173	199	107	111	144	148	208	222	105	121	175	175	151	167	123	138	169	179
fat-TV5051	163	163	185	185	111	115	0	0	0	0	0	0	0	0	165	167	126	126	181	185
fat-TV5052	169	175	185	197	97	99	150	170	208	208	109	125	175	199	151	171	128	132	169	193
fat-TV5053	169	175	185	197	97	99	150	170	208	208	109	125	175	199	151	171	128	132	169	193
fat-TV5054	137	171	183	183	99	99	148	160	228	234	105	105	175	183	0	0	0	0	0	0
fat-TV5055	151	169	173	197	111	111	142	148	208	224	109	125	175	215	0	0	0	0	0	0
fat-TV5056	157	165	193	199	99	99	146	150	208	214	105	121	175	203	165	169	124	138	171	192
fat-TV5057	159	169	185	187	99	113	152	152	208	214	105	117	187	201	149	167	132	132	161	0
fat-TV5058	165	179	187	199	91	117	146	158	214	222	105	105	175	185	151	163	138	148	171	183
fat-TV5059	149	159	187	199	111	117	146	158	208	224	105	105	175	201	151	165	132	156	171	190
fat-TV5060	149	159	187	199	111	117	146	158	208	224	105	105	175	201	151	165	132	156	171	190
fat-TV5061	149	159	187	199	111	117	146	158	208	224	105	105	175	201	151	165	132	156	171	190
fat-TV5062	159	163	183	185	121	121	150	158	208	218	105	109	175	201	167	167	128	156	169	182
fat-TV5063	157	165	173	187	99	107	146	150	208	214	105	105	175	175	151	169	124	156	171	192
fat-TV5064	163	167	0	195	99	99	142	170	220	232	105	109	175	213	161	163	123	138	185	187
fat-TV5065	157	165	173	187	99	107	148	170	218	220	121	121	175	213	167	167	123	140	182	189
fat-TV5066	157	169	183	193	97	97	142	154	214	222	109	121	191	203	163	175	125	128	180	185
fat-TV5067	137	171	209	209	99	99	142	142	214	214	109	121	175	175	163	175	132	140	181	187
fat-TV5068	151	157	173	203	95	109	150	150	218	222	121	121	175	183	163	163	125	125	185	189
fat-TV5069	137	167	183	193	97	97	162	170	214	222	105	121	175	191	0	0	0	0	0	0
fat-TV5070	0	169	0	0	0	0	0	0	0	0	0	0	175	0	0	0	0	0	0	0
fat-TV5071	151	169	173	197	99	99	170	170	218	224	109	121	175	195	151	167	123	134	169	189
fat-TV5073	145	153	173	205	115	115	148	148	218	220	105	121	175	175	163	163	138	138	181	195
fat-TV5074	159	171	173	187	107	117	150	152	214	214	105	121	175	175	0	0	0	0	0	0
fat-TV5075	137	153	195	203	107	107	150	162	224	236	109	121	175	175	163	167	128	138	169	189
fat-TV5076	159	159	181	181	99	99	0	170	0	0	121	121	0	0	167	167	124	138	181	189
fat-TV5077	149	157	173	173	99	99	0	154	214	228	105	105	175	199	163	169	126	126	169	192
fat-TV5078	159	169	191	191	107	107	0	0	0	0	0	0	0	0	151	161	126	126	169	187
fat-TV5079	149	153	195	207	99	99	150	152	208	234	105	121	175	175	151	163	134	138	179	181
fat-TV5080	159	177	0	0	97	99	150	170	222	224	109	121	175	175	167	167	124	138	169	189
fat-TV5081	161	169	197	197	107	121	150	170	224	230	109	121	175	175	163	167	134	138	169	191
fat-TV5082	161	167	197	197	99	125	152	164	208	220	105	105	175	183	151	165	124	124	181	189
fat-TV5083	171	173	175	193	93	107	0	0	0	0	105	105	175	189	0	169	0	0	150	192
fat-TV5084	163	163	181	185	97	97	138	164	230	234	105	113	183	201	151	153	138	138	169	185
fat-TV5085	149	167	195	199	97	97	142	172	208	224	105	105	175	183	165	175	125	125	169	187
fat-TV5086	137	167	197	197	107	107	142	146	222	224	105	109	175	0	159	165	126	138	181	195
fat-TV5087	157	163	0	199	99	99	160	170	214	218	105	121	0	213	163	177	126	186	185	193
fat-TV5088	157	161	185	185	99	111	142	160	222	238	105	105	0	0	151	177	124	134	189	189
fat-TV5111	0	0	0	0	0	0	148	162	208	208	105	121	175	175	161	169	126	138	181	194
fat-TV5112	0	0	0	0	0	0	170	170	220	228	109	121	175	175	151	167	131	138	182	189
fat-TV5113	163	165	203	203	99	111	142	170	208	234	109	121	175	175	161	167	131	138	182	189
fat-TV5114	0	0	0	0	0	0	142	170	208	210	105	105	183	203	151	167	126	138	182	195
fat-TV5115	163	171	175	193	107	109	146	162	224	224	105	105	191	191	151	0	134	142	169	189
fat-TV5116	163	177	185	197	99	107	146	148	224	234	121	121	175	175	0	0	0	0	0	0
fat-TV5117	163	171	195	207	111	111	148	162	220	224	105	105	175	191	151	161	133	142	189	191
fat-TV5118	155	157	175	175	99	107	146	154	224	226	109	109	175	179	151	175	142	142	189	195
fat-TV5119	145	163	181	207	111	111	148	168	220	232	105	105	175	191	151	167	126	133	180	183
fat-TV5120	0	0	0	0	0	0	148	168	222	224	121	125	167	175	165	175	129	129	173	182
fat-TV5121	159	163	175	189	0	0	148	148	214	220	105	121	175	189	151	151	126	126	179	189
fat-TV5122	151	171	185	197	111	113	168	168	214	234	101	105	175	199	161	167	127	148	167	186
fat-TV5123	0	0	0	0	0	0	152	154	220	224	109	117	183	183	167	169	128	129	150	193
fat-TV5124	159	179	179	179	107	121	152	162	208	228	105	105	189	203	151	165	125	140	169	194
fat-TV5125	149	171	177	185	91	91	0	0	220	238	0	0	179	187	161	163	140	164	169	175
fat-TV5126	169	175	185	185	109	115	146	154	214	234	105	109	183	191	167	167	127	134	150	182
fat-TV5127	159	169	185	199	113	113	146	152	214	224	105	105	167	183	167	167	125	126	150	192
fat-TV5128	169	171	175	195	123	123	152	168	220	236	105	105	183	199	167	167	142	144	161	182
fat-TV5129	149	175	189	205	95	109	146	168	228	232	105	105	0	0	151	163	0	0	0	0
fat-TV5130	159	173	185	197	113	113	146	150	212	220	105	105	183	187	161	167	135	142	183	189
fat-TV5131	169	179	173	193	101	101	162	168	214	228	105	109	185	189	165	169	126	170	150	169
fat-TV5132	149	157	175	197	113	113	152	154	210	214	105	105	197	203	151	167	138	142	186	193
fat-TV5138	149	173	195	195	95	95	146	156	210	234	109	121	0	0	151	163	126	127	171	182
fat-TV5139	155	165	175	189	109	119	154	168	210	222	105	109	0	0	163	165	133	156	171	193
fat-TV5140	149	173	175	175	95	95	146	154	228	234	105	121	175	175	151	167	126	133	181	181
fat-TV5141	155	155	193	195	95	95	0	0	0	0	0	0	0	0	0	0	0	0	0	0
fat-TV5142	0	0	0	0	0	0	156	0	210	224	105	109	189	189	0	0	0	0	0	0
fat-TV5143	159	171	185	195	117	117	146	150	224	238	105	105	179	197	0	0	140	144	169	182
fat-TV5144	0	0	0	0	0	0	154	154	226	234	105	109	183	189	163	163	130	132	181	187
fat-TV5145	159	163	195	205	95	95	142	142	208	212	109	109	181	191	151	169	132	142	161	187
fat-TV5146	159	171	197	207	97	99	138	142	208	234	109	109	175	201	0	0	0	0	0	0
fat-TV5147	171	179	173	195	95	119	142	146	222	234	105	113	167	203	163	163	129	130	169	181
fat-TV5148	159	179	173	185	119	119	142	146	222	234	105	113	175	203	0	0	0	0	0	0
fat-TV5149	155	175	197	197	95	111	150	162	234	236	109	125	175	183	163	167	142	142	0	193
fat-TV5150	155	159	195	199	95	95	142	170	234	234	109	109	181	189	163	167	129	134	161	177
fat-TV5151	163	165	173	205	91	95	150	150	232	234	105	109	183	183	163	169	142	168	161	179
fat-TV5152	163	165	173	205	91	95	150	150	232	234	105	109	183	183	163	169	142	168	161	179
fat-TV5153	163	165	173	205	91	95	150	150	232	234	105	109	183	183	163	169	142	168	161	179
fat-TV5154	137	163	183	209	111	111	0	0	0	0	0	0	0	0	153	177	124	132	179	185
fat-TV5155	0	0	0	0	0	0	142	142	208	234	109	125	175	189	0	0	0	0	0	0
fat-TV5156	159	163	197	197	113	119	142	142	208	234	109	125	175	189	151	167	129	131	0	0
fat-TV5157	159	163	197	197	113	119	142	142	208	234	109	125	175	189	151	167	129	131	169	173
fat-TV5158	159	163	197	197	113	119	142	142	208	234	109	125	175	189	151	167	129	131	169	173
fat-TV5159	159	163	197	197	113	119	142	142	208	234	109	125	175	189	151	167	129	131	169	173
fat-TV5160	159	163	197	197	113	119	142	142	208	234	109	125	175	189	151	167	129	131	169	173
fat-TV5161	159	163	197	197	113	119	142	142	208	234	109	125	175	189	151	167	129	131	169	173
fat-TV5163	165	175	185	195	107	107	142	146	208	214	105	121	175	183	163	167	138	138	187	193
fat-TV5164	137	167	183	187	99	111	144	172	208	214	105	105	175	175	0	0	0	0	0	0
fat-TV5165	165	167	185	0	99	121	150	166	210	222	105	105	177	207	151	151	126	138	189	193
fat-TV5166	177	177	193	195	97	99	142	146	222	224	105	121	183	207	151	169	138	144	0	0
fat-TV5167	163	177	195	197	95	99	142	150	208	250	109	121	181	207	151	167	138	142	161	195
fat-TV5168	175	177	185	0	107	111	142	150	226	252	109	121	175	207	151	163	124	124	189	193
fat-TV5169	175	177	191	195	99	121	148	150	226	252	105	121	189	207	0	0	0	0	0	0
fat-TV5170	0	0	0	0	0	0	142	164	208	220	105	105	183	189	0	0	0	0	0	0
fat-TV5171	149	153	0	0	91	95	150	162	224	232	105	105	175	187	167	167	142	144	181	195
fat-TV5172	149	163	185	195	111	111	154	168	208	224	105	109	183	191	165	167	125	140	150	182
fat-TV5173	155	163	189	195	111	119	148	148	206	208	105	105	175	183	167	167	123	138	182	0
fat-TV5174	159	163	193	195	101	121	146	154	226	236	105	121	183	201	165	167	138	138	187	193
fat-TV5175	149	179	195	195	95	111	154	154	224	226	105	113	175	175	167	167	125	140	150	187
fat-TV5176	149	179	195	195	0	0	154	154	224	226	105	113	175	175	167	167	125	140	150	187
fat-TV5177	177	179	185	191	107	121	148	150	208	222	105	121	183	207	151	165	124	138	182	0
fat-TV5178	145	163	195	195	99	121	154	162	208	230	105	105	175	183	165	167	131	138	181	187
fat-TV5179	163	167	195	207	99	121	146	154	226	232	101	105	175	175	165	165	127	138	173	182
fat-TV5180	159	175	195	205	99	115	148	148	214	232	109	109	175	213	163	167	124	138	171	193
fat-TV5181	155	183	175	205	95	99	150	150	218	224	105	105	175	189	169	169	134	156	175	193
fat-TV5182	149	179	181	183	111	111	142	142	226	234	105	109	175	187	151	165	128	142	177	193
fat-TV5183	163	165	195	195	103	103	154	158	220	226	109	113	187	207	151	163	127	186	195	198
fat-TV5184	161	165	187	205	99	111	146	154	214	216	105	105	175	183	151	167	129	142	181	181
fat-TV5185	0	0	0	0	0	0	142	160	222	232	105	105	175	183	163	167	123	138	0	175
fat-TV5186	171	171	173	189	95	115	146	154	218	220	105	113	189	207	151	153	0	0	185	191
fat-TV5187	171	183	175	193	93	93	150	150	218	224	105	105	183	191	0	0	0	0	0	0
fat-TV5188	171	171	189	189	91	99	140	150	214	230	105	121	175	175	165	169	123	140	176	0
fat-TV5189	167	171	187	207	117	117	142	146	222	234	105	105	191	207	165	169	130	138	0	196
fat-TV5190	163	165	187	195	111	119	0	0	0	0	0	0	0	0	163	165	126	128	169	181
fat-TV5191	157	167	187	195	117	119	0	0	0	0	0	0	0	0	167	169	123	138	0	189
fat-TV5192	161	163	187	187	119	121	146	148	220	232	105	105	183	197	151	151	133	144	193	195
fat-TV5193	169	185	193	195	99	107	142	162	222	234	109	113	175	203	151	161	126	126	179	182
fat-TV5194	159	159	185	195	95	99	144	160	208	222	105	105	175	183	165	167	134	138	182	195
fat-TV5195	171	181	197	197	91	93	148	158	230	232	105	105	175	175	0	0	123	138	180	190
fat-TV5196	163	167	175	205	99	115	142	152	212	236	105	105	175	207	163	167	123	126	173	193
fat-TV5197	163	171	173	187	91	121	158	168	214	234	105	105	175	183	169	169	134	152	181	181
fat-TV5198	145	157	197	197	95	99	146	160	214	218	105	105	175	197	167	167	123	138	180	193
fat-TV5199	0	0	0	0	0	0	154	162	208	208	105	105	175	183	163	163	123	124	169	187
fat-TV5200	163	171	189	195	99	121	146	148	212	222	105	113	183	205	163	169	134	140	179	179
fat-TV5201	159	163	191	203	97	99	144	160	208	234	109	113	175	199	161	167	124	131	182	195
fat-TV5202	161	163	181	187	97	99	150	162	232	236	105	109	183	207	151	167	140	140	177	193
fat-TV5203	151	159	187	187	99	115	142	170	222	224	105	105	191	203	151	165	124	140	173	181
fat-TV5204	145	163	179	195	97	113	150	150	228	234	105	105	203	203	151	175	140	142	170	175
fat-TV5205	149	165	191	195	99	99	146	162	218	226	101	109	175	197	151	167	123	126	175	179
fat-TV5206	165	167	197	197	91	111	146	148	204	230	109	109	175	189	163	163	126	126	179	181
fat-TV5207	169	173	187	187	91	99	148	158	220	230	105	105	183	189	165	169	123	134	177	181
fat-TV5208	161	163	195	207	99	119	146	146	224	234	101	113	175	189	151	167	123	140	169	195
fat-TV5209	145	165	187	187	99	99	148	154	212	234	105	121	183	203	151	167	140	142	175	182
fat-TV5210	147	163	181	209	95	95	154	168	220	234	105	109	175	175	163	163	134	152	169	183
fat-TV5211	0	0	0	0	0	0	148	158	210	234	109	113	183	203	163	167	127	134	150	183
fat-TV5212	169	173	177	199	101	115	146	146	216	220	109	109	175	189	151	165	140	140	169	194
fat-TV5213	159	167	173	195	91	123	150	166	228	230	109	109	175	177	151	161	125	142	179	193
fat-TV5214	171	171	173	173	99	99	150	150	214	224	109	109	175	0	161	169	123	152	181	0
fat-TV5215	0	0	0	0	0	0	148	162	222	224	105	109	189	191	151	169	127	127	150	179
fat-TV5216	161	175	175	197	99	119	152	154	222	234	105	109	0	201	165	165	0	0	181	182
fat-TV5217	157	159	177	199	93	121	154	162	212	218	109	109	179	213	165	169	126	142	171	193
fat-TV5218	175	179	175	193	109	109	150	168	222	224	105	109	175	0	163	163	126	156	150	193
fat-TV5219	167	167	191	197	115	121	158	168	224	226	105	105	175	195	163	169	140	144	191	193
fat-TV5220	155	157	195	199	119	121	148	154	212	226	109	109	179	191	167	169	128	133	0	191
fat-TV5221	0	0	0	0	0	0	148	162	226	226	105	109	175	191	151	161	127	140	169	195
fat-TV5222	0	0	0	0	0	0	146	150	222	234	105	109	189	189	161	165	128	144	181	187
fat-TV5223	171	179	193	193	107	121	146	162	214	226	109	125	175	183	0	0	0	0	0	0
fat-TV5224	167	171	189	195	117	121	148	168	208	234	105	121	175	179	151	163	127	144	181	195
fat-TV5225	153	179	0	193	109	121	148	150	208	218	109	109	175	179	151	163	134	142	191	195
fat-TV5226	173	179	195	197	99	109	158	178	214	224	105	125	175	181	151	175	128	138	191	195
fat-TV5227	161	165	175	197	99	111	150	156	222	234	105	105	0	201	163	165	128	156	181	182
fat-TV5228	159	179	181	199	93	121	146	148	212	226	109	125	179	183	0	0	0	0	0	0
fat-TV5229	153	157	179	193	109	121	148	150	218	226	109	109	175	179	151	169	142	144	191	195
fat-TV5230	155	159	193	197	111	121	152	158	222	226	105	105	175	189	161	165	128	129	150	181
fat-TV5231	169	175	193	199	115	117	154	158	224	226	105	125	175	199	151	151	142	144	150	194
fat-TV5232	161	169	195	197	111	111	150	162	220	222	105	105	175	189	165	175	128	128	181	194
fat-TV5233	155	159	191	203	99	109	150	162	220	226	105	105	183	187	163	169	134	140	150	181
fat-TV5234	171	173	195	207	95	121	152	154	214	222	105	105	179	197	163	167	127	132	189	0
fat-TV5235	167	175	179	205	95	105	148	168	220	222	105	125	179	179	151	151	134	142	173	182
fat-TV5236	161	179	193	197	119	121	152	178	220	224	105	109	175	189	165	169	126	132	167	181
fat-TV5237	153	161	173	195	91	95	150	170	208	224	105	109	189	203	151	161	132	142	187	194
fat-TV5238	161	165	175	195	91	99	150	168	208	234	105	105	0	203	151	163	127	142	193	194
fat-TV5239	159	161	173	195	95	99	148	170	224	224	109	109	0	0	161	167	142	142	0	0
fat-TV5240	153	161	173	179	95	121	150	158	208	214	105	109	189	189	151	151	132	142	187	197
fat-TV5241	153	173	173	179	93	121	158	162	208	234	109	121	175	175	151	151	127	144	187	187
fat-TV5242	153	167	179	195	99	111	150	162	220	234	105	105	175	183	151	169	127	140	175	187
fat-TV5243	165	173	173	207	93	93	162	168	208	214	105	105	175	187	163	167	140	144	175	187
fat-TV5244	169	169	173	189	91	99	162	168	224	226	109	121	175	189	163	169	142	144	187	195
fat-TV5245	161	173	0	0	0	0	154	160	214	222	105	105	179	183	165	167	128	134	175	179
fat-TV5246	173	173	173	177	93	93	150	158	0	0	105	109	175	195	163	167	129	142	186	187
fat-TV5247	161	171	179	195	95	95	148	148	222	226	105	105	183	189	165	175	129	142	150	182
fat-TV5248	0	0	0	0	0	0	146	168	220	220	109	125	179	179	151	181	123	123	173	194
fat-TV5249	157	157	195	195	99	99	146	148	224	230	105	113	177	179	163	165	134	142	188	195
fat-TV5250	151	163	195	205	105	115	148	152	220	224	105	125	175	193	151	163	134	162	173	181
fat-TV5251	157	157	177	195	95	99	148	154	216	230	109	109	177	177	161	161	134	158	188	195
fat-TV5252	169	169	205	205	105	111	154	160	218	218	105	109	181	205	151	151	123	134	181	183
fat-TV5253	149	159	173	177	99	109	148	152	226	226	109	125	175	179	167	169	123	138	150	173
fat-TV5254	157	169	177	205	99	109	148	154	218	230	109	109	177	181	151	151	126	134	181	189
fat-TV5255	157	161	195	205	99	111	154	160	218	230	109	109	177	179	161	167	126	129	179	188
fat-TV5256	163	171	173	205	105	109	148	168	218	220	105	109	175	197	151	167	140	162	173	173
fat-TV5257	157	175	177	205	95	105	148	168	220	224	109	109	179	179	151	161	134	134	173	195
fat-TV5258	157	169	187	205	99	105	154	168	224	230	109	109	175	175	151	165	123	142	173	173
fat-TV5259	149	159	177	181	99	113	146	152	224	226	105	105	175	211	167	169	127	152	173	175
fat-TV5260	149	175	189	197	99	99	150	170	224	234	105	125	175	201	165	167	125	134	173	185
fat-TV5261	169	171	187	197	91	123	172	176	234	240	105	105	167	199	165	165	134	142	173	189
fat-TV5262	159	165	181	197	101	113	146	150	224	226	105	113	199	211	151	169	124	127	175	179
fat-TV5263	165	171	0	0	0	0	150	150	220	226	109	113	189	197	151	165	124	142	175	179
fat-TV5264	0	0	0	0	0	0	150	150	226	242	105	109	189	197	151	165	134	142	175	179
fat-TV5265	0	0	0	0	0	0	142	170	238	242	113	125	183	183	163	163	129	140	185	186
fat-TV5266	155	169	197	197	111	115	142	144	208	220	105	113	187	191	153	165	132	132	181	183
fat-TV5267	159	165	0	0	0	0	150	152	214	222	105	113	179	191	151	153	125	126	161	0
fat-TV5268	157	163	175	205	99	99	148	170	226	236	105	121	175	213	151	167	126	138	171	195
fat-TV5269	165	175	173	193	99	109	142	176	220	222	105	109	175	195	163	163	126	134	183	189
fat-TV5270	167	169	173	195	99	123	144	176	224	234	105	109	195	209	165	165	134	142	179	181
fat-TV5271	145	171	0	0	0	0	154	168	224	226	109	121	175	197	153	161	126	138	179	189
fat-TV5272	163	169	0	0	0	0	160	162	232	234	109	121	175	191	167	167	132	142	177	199
fat-TV5273	149	195	179	197	109	109	150	158	218	224	109	109	183	189	151	169	126	126	169	181
fat-TV5274	155	175	197	197	107	123	158	176	220	220	105	105	167	195	165	165	132	134	181	181
fat-TV5275	139	165	187	197	99	105	130	150	224	224	105	109	175	175	161	167	123	138	169	170
fat-TV5276	173	177	181	197	95	99	0	0	0	0	0	0	0	0	163	165	132	144	167	192
fat-TV5277	165	171	195	195	0	0	150	162	218	222	109	109	175	175	151	167	140	142	171	175
fat-TV5278	149	175	187	197	99	99	146	170	214	214	109	121	187	197	153	167	126	134	189	208
fat-TV5279	175	181	193	197	107	107	158	170	220	226	105	109	167	215	165	165	132	156	181	181
fat-TV5280	169	175	173	197	99	115	142	158	220	220	105	105	167	195	151	163	132	134	181	181
fat-TV5281	169	171	195	195	99	121	154	176	222	224	105	109	173	187	161	165	136	144	181	185
fat-TV5282	159	169	187	195	99	121	154	160	220	224	109	109	173	199	0	0	0	0	0	0
fat-TV5283	149	171	173	177	95	109	150	154	220	220	109	121	189	189	0	0	0	0	0	0
fat-TV5284	165	165	175	185	99	99	160	170	222	234	125	125	175	183	161	167	134	166	161	179
fat-TV5285	161	163	203	207	99	111	150	170	216	218	113	125	179	183	163	165	129	132	169	183
fat-TV5286	0	0	0	0	0	0	146	154	218	226	105	125	189	191	151	169	136	140	179	181
fat-TV5287	171	171	179	197	95	115	150	160	218	238	105	105	183	189	163	165	138	158	181	185
fat-TV5288	171	175	177	193	97	115	152	160	226	238	105	105	181	191	163	163	125	129	175	185
fat-TV5289	145	175	187	193	99	119	162	164	208	212	105	105	0	199	161	167	134	134	192	193
fat-TV5290	171	179	173	175	95	95	150	168	224	224	109	109	175	179	165	167	126	140	161	187
fat-TV5291	149	175	189	195	91	107	158	172	212	240	105	105	189	199	151	163	132	142	181	189
fat-TV5292	161	171	173	195	99	99	152	154	222	226	105	113	181	207	151	165	126	138	175	189
fat-TV5293	157	157	173	177	99	115	152	154	230	232	121	121	179	197	165	165	129	140	169	173
fat-TV5294	171	175	173	173	99	99	130	146	208	226	105	105	195	199	163	169	126	142	185	189
fat-TV5295	149	167	173	185	99	115	148	170	208	228	105	109	175	179	163	163	138	138	186	195
fat-TV5296	159	171	173	175	95	97	142	150	210	224	105	109	175	191	163	165	127	134	179	179
fat-TV5297	161	165	173	191	109	109	146	152	208	216	109	109	183	183	163	169	126	126	175	196
fat-TV5298	157	161	183	195	109	109	138	154	210	224	109	109	175	179	165	167	126	129	181	189
fat-TV5299	161	167	187	187	99	99	154	154	220	228	105	109	177	199	149	149	132	140	185	192
fat-TV5300	149	169	173	197	97	97	146	154	222	226	109	125	189	191	151	169	125	126	175	181
fat-TV5301	145	165	173	195	91	99	142	150	208	228	113	113	179	189	163	163	125	142	187	191
fat-TV5302	173	175	173	197	111	111	142	152	208	216	101	105	167	175	0	0	0	0	0	0
fat-TV5303	151	171	189	189	99	99	162	168	220	224	105	109	179	183	165	169	134	148	175	179
fat-TV5304	173	175	175	177	111	113	160	168	222	228	101	109	167	191	165	169	129	148	187	196
fat-TV5305	151	169	187	195	99	99	154	166	214	224	109	109	175	183	169	169	129	133	179	182
fat-TV5306	149	177	193	195	99	99	142	146	224	224	105	105	187	189	151	165	144	186	175	187
fat-TV5307	149	175	177	195	111	111	146	162	210	224	105	109	191	211	151	163	129	138	175	179
fat-TV5308	0	0	0	0	0	0	154	170	222	222	105	125	183	191	151	165	129	132	177	182
fat-TV5309	0	0	0	0	0	0	148	162	220	226	105	105	183	189	163	169	128	144	167	191
fat-TV5310	149	181	175	175	99	99	150	162	224	224	105	109	185	187	151	151	129	138	175	189
fat-TV5311	171	171	189	189	99	99	146	168	214	220	105	109	183	0	165	169	134	144	175	183
fat-TV5312	169	171	187	193	99	99	152	152	222	224	105	105	187	187	165	169	133	140	179	187
fat-TV5313	167	169	0	0	99	111	146	152	210	242	105	105	189	205	169	179	130	133	187	190
