	yb01	yb15	yb21	yb04	yb06	yb12	yb13	fil36	yb08	yb22
TV1003	159	185	99	142	214	109	189	151	124	177
TV1003	173	185	111	160	238	121	197	167	140	181
TV2003	157	191	111	150	232	109	175	151	124	189
TV2003	159	199	125	160	238	121	175	163	124	189
TV2004	169	193	95	146	224	121	175	153	138	169
TV2004	177	197	99	150	228	121	211	167	138	184
TV2005	167	193	95	150	224	109	175	167	138	171
TV2005	169	207	97	160	230	109	211	171	138	184
TV2017	157	191	99	142	208	105	175	153	126	169
TV2017	159	207	99	160	212	105	197	163	138	187
TV2026	157	175	111	146	232	105	175	151	123	-9
TV2026	183	191	113	160	234	121	175	165	138	-9
TV2030	157	197	-9	164	210	105	175	151	123	184
TV2030	157	207	-9	170	218	105	183	153	123	184
TV2031	153	185	99	142	214	105	175	151	124	179
TV2031	165	197	113	160	234	109	175	151	138	189
TV2032	157	-9	97	140	208	105	175	-9	126	181
TV2032	169	-9	99	148	216	105	191	-9	126	201
TV2033	149	193	-9	146	208	121	175	161	126	189
TV2033	157	197	-9	170	234	121	175	163	126	195
TV2034	163	-9	-9	160	208	109	175	151	123	168
TV2034	167	193	-9	170	224	121	191	153	138	170
TV2035	165	207	97	-9	-9	-9	-9	153	-9	169
TV2035	171	207	99	-9	-9	-9	-9	163	-9	187
TV2041	149	185	99	142	208	105	175	153	123	181
TV2041	167	197	99	150	224	109	175	161	124	195
TV2048	153	191	97	150	210	105	183	161	138	169
TV2048	177	191	97	150	224	105	191	165	138	189
TV2053	145	183	99	160	224	105	175	151	138	182
TV2053	165	199	113	160	234	109	183	161	138	189
TV2055	157	177	97	146	214	121	183	151	123	167
TV2055	169	-9	97	150	228	125	187	161	123	189
TV2060	157	177	91	148	220	101	193	163	138	171
TV2060	159	191	91	162	222	105	197	169	138	189
TV2062	157	197	97	146	228	101	179	151	138	189
TV2062	173	207	97	160	240	125	187	163	160	189
TV2064	143	193	111	150	218	105	175	151	138	169
TV2064	159	197	111	150	232	105	197	151	138	191
TV2065	145	185	99	142	218	105	185	151	123	169
TV2065	159	195	111	150	224	109	197	151	138	187
TV2066	167	189	-9	148	222	105	187	163	138	170
TV2066	169	195	-9	150	234	121	187	163	138	179
TV2068	165	197	101	-9	-9	-9	-9	163	138	193
TV2068	165	211	101	-9	-9	-9	-9	167	138	193
TV2069	165	197	111	144	208	121	175	-9	125	189
TV2069	167	197	117	150	224	121	211	-9	125	193
TV2071	161	173	103	154	226	105	175	151	126	173
TV2071	161	197	111	166	246	105	191	161	140	189
TV2078	153	173	117	148	220	105	175	163	142	171
TV2078	163	195	117	166	238	105	205	163	142	189
TV2080	157	185	-9	142	218	105	175	151	123	170
TV2080	167	197	-9	150	226	121	175	151	123	174
TV2086	145	185	-9	130	208	105	191	165	127	-9
TV2086	167	-9	-9	176	226	113	203	169	142	195
TV2090	153	173	99	138	220	105	175	163	127	189
TV2090	159	195	109	166	220	109	189	169	129	189
TV2091	-9	-9	107	-9	-9	-9	-9	-9	-9	-9
TV2091	-9	-9	115	-9	-9	-9	-9	-9	-9	-9
TV2252	157	173	95	144	216	105	175	165	140	182
TV2252	159	173	99	150	224	109	205	165	142	195
TV2253	151	183	-9	144	216	105	175	151	134	168
TV2253	169	197	-9	150	232	105	175	163	134	191
TV2254	159	183	97	142	224	105	175	151	126	182
TV2254	165	197	99	150	224	105	175	163	126	-9
TV2257	151	183	99	142	232	105	175	151	140	170
TV2257	159	197	99	150	234	105	175	163	140	189
TV2258	169	-9	99	144	208	105	175	161	123	183
TV2258	169	-9	113	148	210	121	175	165	124	193
TV2259	149	-9	97	-9	210	105	175	161	140	177
TV2259	163	-9	97	-9	210	121	205	165	140	183
TV2261	157	183	97	138	218	105	175	153	138	170
TV2261	169	199	105	150	240	121	175	167	138	179
TV2265	145	185	111	160	208	105	175	151	123	186
TV2265	149	185	125	162	232	109	175	161	124	187
TV2268	137	197	99	142	208	105	175	151	138	150
TV2268	157	205	117	148	222	121	175	167	138	171
TV2269	157	185	99	142	228	105	197	151	134	-9
TV2269	163	-9	99	150	234	125	211	167	134	-9
TV2270	157	185	99	142	228	105	197	151	134	-9
TV2270	163	-9	99	150	234	125	211	167	134	-9
TV2271	163	185	-9	148	208	109	197	163	132	169
TV2271	165	-9	-9	150	234	125	207	167	134	195
TV2272	161	-9	97	164	222	109	173	163	126	191
TV2272	165	-9	97	168	234	121	183	163	126	193
TV2273	157	-9	97	-9	-9	-9	-9	-9	-9	-9
TV2273	165	205	117	-9	-9	-9	-9	-9	-9	-9
TV2275	161	183	95	-9	-9	-9	-9	-9	-9	-9
TV2275	175	193	99	-9	-9	-9	-9	-9	-9	-9
TV2277	165	187	99	144	234	105	175	163	123	181
TV2277	187	197	115	150	234	125	175	173	123	185
TV2280	157	185	107	142	-9	105	175	163	123	169
TV2280	171	193	107	142	-9	109	183	163	124	181
TV2281	155	185	99	142	224	105	175	151	138	171
TV2281	163	197	99	170	224	105	205	163	138	191
TV2282	165	183	99	142	208	109	201	-9	-9	-9
TV2282	183	197	99	150	222	121	201	-9	-9	-9
TV2283	149	173	99	148	226	105	-9	-9	-9	-9
TV2283	163	185	115	150	232	113	211	-9	-9	-9
TV2284	161	195	99	142	208	105	175	151	134	169
TV2284	183	195	99	142	234	113	175	163	134	189
TV2285	165	173	99	138	224	105	175	167	138	181
TV2285	169	183	99	144	226	105	175	-9	138	195
TV2286	159	183	95	142	224	105	175	163	134	181
TV2286	175	197	95	146	234	109	211	165	138	195
TV2288	167	-9	99	142	216	105	175	151	138	179
TV2288	175	195	99	144	234	105	197	163	138	179
TV2290	159	193	111	142	-9	105	175	151	-9	179
TV2290	167	197	113	164	-9	121	211	161	-9	181
TV2293	149	185	99	142	208	121	175	161	138	169
TV2293	169	191	111	144	234	121	175	163	138	187
TV2295	163	197	99	138	224	105	175	166	-9	-9
TV2295	173	197	107	142	240	109	197	166	-9	-9
TV2296	149	205	99	142	224	105	175	153	134	179
TV2296	157	205	99	150	228	109	175	161	134	185
TV2297	137	-9	-9	142	214	105	-9	161	138	179
TV2297	159	-9	-9	144	226	105	211	163	138	189
TV2298	157	195	97	142	222	105	187	151	123	182
TV2298	169	195	97	150	226	109	201	161	142	182
TV2299	147	197	99	138	224	121	201	161	126	179
TV2299	167	197	113	148	224	121	211	165	138	189
TV2300	-9	-9	-9	-9	-9	-9	-9	-9	-9	-9
TV2300	-9	-9	-9	-9	-9	-9	-9	-9	-9	-9
TV2301	-9	-9	-9	-9	-9	-9	-9	-9	-9	-9
TV2301	-9	-9	-9	-9	-9	-9	-9	-9	-9	-9
TV2302	165	-9	99	144	226	105	175	153	132	182
TV2302	165	-9	109	146	226	105	205	167	132	195
TV2304	153	-9	99	142	222	105	-9	151	126	181
TV2304	163	-9	99	142	240	121	-9	153	126	189
TV2501	163	183	97	142	208	105	175	-9	138	179
TV2501	167	183	111	150	216	121	175	-9	138	195
TV2502	155	197	111	146	208	121	175	161	126	183
TV2502	165	197	111	158	234	121	197	165	126	195
TV2503	151	197	99	138	208	105	175	151	124	167
TV2503	155	199	99	150	234	113	211	165	138	195
TV2504	157	-9	91	150	208	105	175	151	126	170
TV2504	159	-9	113	160	226	105	175	163	138	185
TV2506	173	-9	91	138	226	105	175	151	129	187
TV2506	179	197	99	144	232	105	197	163	138	195
TV2508	-9	-9	-9	142	232	105	175	-9	-9	-9
TV2508	-9	-9	-9	160	240	105	201	-9	-9	-9
TV2511	149	187	117	150	216	105	-9	161	132	173
TV2511	167	195	117	154	222	105	-9	165	140	185
TV2514	167	181	93	146	208	121	-9	161	127	173
TV2514	171	195	93	150	216	121	-9	169	142	182
TV2515	145	173	99	146	220	105	187	151	138	173
TV2515	149	195	115	150	226	105	199	169	140	190
TV2517	149	181	91	146	208	101	175	-9	-9	-9
TV2517	163	205	99	148	208	101	187	-9	-9	-9
TV2518	145	187	97	146	218	105	183	153	133	179
TV2518	163	195	101	158	224	109	-9	169	138	185
TV2519	159	193	91	146	208	105	181	161	140	-9
TV2519	167	207	95	150	234	121	181	169	142	186
TV2520	167	187	99	146	210	105	175	149	142	167
TV2520	181	187	99	148	222	109	183	171	144	173
TV2522	165	187	97	148	224	109	175	165	144	173
TV2522	175	193	97	154	232	121	183	167	144	189
TV2523	157	193	99	146	224	105	175	169	127	-9
TV2523	173	197	111	148	230	105	197	169	-9	179
TV2524	165	185	99	150	220	105	183	151	140	179
TV2524	175	185	99	158	222	109	211	151	140	-9
TV2525	165	-9	-9	150	220	105	183	151	140	179
TV2525	175	-9	-9	158	222	109	211	151	140	179
TV2527	157	185	95	142	210	109	175	151	134	172
TV2527	163	197	99	170	234	109	211	169	134	189
TV2529	163	207	99	142	208	105	175	161	132	-9
TV2529	167	207	111	146	234	109	175	163	140	-9
TV2530	157	195	99	142	208	109	197	151	123	-9
TV2530	179	197	111	170	224	121	201	151	123	-9
TV2753	157	185	99	150	208	105	175	151	124	-9
TV2753	159	197	99	150	224	125	175	167	138	-9
TV2755	137	-9	-9	144	208	105	175	151	138	181
TV2755	179	-9	-9	144	218	121	175	161	138	195
TV2757	157	183	99	142	234	105	175	151	132	170
TV2757	163	199	99	160	236	105	175	163	138	187
TV2759	157	197	99	150	224	105	175	159	134	187
TV2759	159	197	99	150	234	109	183	163	134	195
TV2762	161	183	-9	144	218	105	175	151	132	167
TV2762	163	199	-9	160	240	105	211	163	132	189
TV2764	157	-9	107	144	210	105	175	167	126	187
TV2764	159	185	111	150	222	109	175	167	132	193
TV2766	151	-9	99	138	232	105	175	151	132	179
TV2766	159	-9	111	160	240	105	183	163	132	193
TV2770	153	199	111	138	236	105	175	161	138	169
TV2770	169	199	111	162	238	109	175	163	138	189
TV2772	159	185	99	138	222	105	175	-9	-9	-9
TV2772	163	185	119	142	240	121	183	-9	-9	-9
TV2773	149	185	111	150	208	105	175	153	123	170
TV2773	157	-9	111	156	226	105	201	167	124	195
TV2774	157	-9	97	144	208	109	175	151	140	187
TV2774	163	197	97	172	236	121	201	163	140	187
TV2775	153	187	97	138	208	109	-9	151	124	170
TV2775	157	187	99	170	214	109	-9	161	124	179
TV2780	137	183	99	146	220	105	175	153	123	169
TV2780	169	183	105	158	234	109	197	163	124	187
TV2781	157	185	97	138	208	105	173	163	123	187
TV2781	161	197	117	150	218	109	175	167	142	187
TV2782	157	-9	-9	160	208	105	175	151	124	179
TV2782	157	-9	-9	168	234	109	175	161	138	187
TV2783	-9	-9	-9	-9	-9	-9	-9	163	126	184
TV2783	-9	-9	-9	-9	-9	-9	-9	163	138	189
TV2784	163	-9	97	144	218	105	175	151	134	179
TV2784	163	197	99	146	224	121	175	167	138	195
TV2788	163	183	97	144	208	121	175	153	124	187
TV2788	163	185	99	158	220	121	197	163	124	187
TV2789	157	197	-9	150	208	121	175	153	124	178
TV2789	157	197	-9	160	224	121	211	161	138	189
TV2790	159	197	101	142	224	105	175	159	126	183
TV2790	161	197	101	160	232	105	175	167	126	191
TV2792	165	195	101	146	208	105	175	153	124	167
TV2792	171	197	109	170	216	121	197	163	138	179
TV2795	145	185	99	146	208	109	175	161	132	169
TV2795	171	187	99	170	220	121	213	163	138	187
TV2796	155	185	99	-9	-9	-9	-9	163	124	167
TV2796	159	205	99	-9	-9	-9	-9	167	138	167
TV2797	169	197	113	146	208	105	183	151	124	170
TV2797	183	207	115	174	228	121	201	163	124	184
TV2798	149	185	99	146	-9	105	173	151	138	187
TV2798	157	185	99	160	214	105	211	161	138	189
TV2804	171	195	99	150	222	105	175	153	130	181
TV2804	171	195	107	160	224	105	183	163	130	189
TV2806	-9	-9	-9	-9	-9	-9	-9	163	134	181
TV2806	-9	-9	-9	-9	-9	-9	-9	167	134	189
TV2808	151	185	97	142	-9	121	175	163	126	169
TV2808	159	187	99	160	-9	121	213	165	126	181
TV2810	157	199	111	142	214	105	175	151	126	169
TV2810	165	207	113	160	234	105	175	159	126	189
TV2812	157	193	101	138	218	105	175	151	132	187
TV2812	161	193	101	142	218	121	183	161	138	191
TV2813	139	189	111	138	226	109	175	163	126	167
TV2813	163	197	111	142	232	109	183	163	126	184
TV3001	161	187	111	150	220	105	175	161	132	193
TV3001	173	197	111	150	222	105	183	163	138	195
TV3002	161	181	97	148	208	105	175	151	124	182
TV3002	167	187	107	170	208	121	199	165	134	195
TV3003	151	197	-9	136	216	105	175	167	123	180
TV3003	163	197	-9	150	232	105	183	167	132	182
TV3005	159	195	97	142	234	121	175	-9	-9	-9
TV3005	163	197	99	150	234	121	197	-9	-9	-9
TV3006	149	205	107	142	208	105	175	151	128	169
TV3006	151	207	107	148	236	105	175	161	132	189
TV3007	145	183	99	144	220	105	175	163	126	181
TV3007	163	193	99	146	236	121	201	165	131	181
TV3008	163	197	105	148	220	105	175	161	138	181
TV3008	171	207	105	150	234	125	197	175	138	195
TV3009	157	181	95	146	222	105	189	151	126	189
TV3009	157	195	99	150	224	105	211	167	126	189
TV3010	171	185	105	150	220	105	175	151	138	181
TV3010	173	197	111	150	242	125	175	175	138	195
TV3011	145	195	105	142	218	105	183	151	125	181
TV3011	163	197	115	150	224	105	197	163	132	195
TV3012	159	-9	99	148	218	105	175	161	132	182
TV3012	171	-9	99	170	234	105	175	163	138	189
TV3013	149	173	99	146	224	105	183	167	124	179
TV3013	163	181	115	148	234	121	183	177	128	181
TV3014	163	181	97	142	208	109	175	163	124	189
TV3014	165	193	99	152	208	109	185	165	138	195
TV3015	153	183	109	142	208	105	183	151	138	170
TV3015	163	197	111	158	230	125	183	161	142	189
TV3016	163	197	99	150	218	105	175	163	124	181
TV3016	165	199	99	150	222	105	175	167	131	181
TV3017	165	187	99	148	208	105	175	161	132	195
TV3017	173	197	105	150	220	125	197	163	138	195
TV3018	137	-9	99	144	220	105	187	163	124	169
TV3018	167	197	99	170	222	113	187	177	126	185
TV3019	163	185	99	150	234	109	183	163	138	169
TV3019	171	203	99	160	234	125	205	167	138	181
TV3020	153	185	111	142	234	125	175	-9	133	181
TV3020	171	207	111	150	242	125	183	-9	138	183
TV3021	153	185	121	150	226	105	169	165	125	169
TV3021	171	197	121	152	234	125	183	175	138	181
TV3022	153	185	111	148	208	105	175	150	124	169
TV3022	163	197	111	164	208	121	175	163	132	182
TV3023	151	197	91	150	208	121	175	161	126	182
TV3023	169	197	97	170	220	121	175	163	142	187
TV3024	153	207	111	142	220	105	175	163	138	179
TV3024	171	207	111	168	222	109	187	163	142	193
TV3025	159	193	99	152	210	105	175	151	124	-9
TV3025	163	197	125	170	222	105	183	161	138	-9
TV3026	163	193	99	150	208	105	175	163	132	179
TV3026	163	199	107	160	218	121	-9	167	186	193
TV3027	163	199	99	150	208	105	175	163	132	182
TV3027	175	205	109	150	224	121	183	167	138	193
TV3028	145	183	125	136	234	105	175	167	138	182
TV3028	157	205	125	150	234	109	201	167	138	189
TV3029	145	199	99	146	218	121	175	163	126	182
TV3029	163	199	107	150	228	121	175	163	186	193
TV3030	159	187	99	150	208	105	175	163	132	193
TV3030	163	199	107	160	208	121	183	167	186	193
TV3031	-9	-9	107	150	218	109	175	161	124	169
TV3031	-9	-9	107	170	220	121	183	167	124	181
TV3032	159	185	111	-9	210	105	175	165	126	185
TV3032	163	185	111	-9	224	105	207	165	138	187
TV3033	151	187	95	150	208	109	175	-9	126	181
TV3033	161	205	111	170	230	121	183	161	138	193
TV3034	151	187	95	150	208	109	175	-9	122.5	183
TV3034	161	205	111	170	230	121	183	161	138	-9
TV3035	155	183	99	160	234	105	173	153	138	181
TV3035	163	205	99	170	236	121	173	167	138	185
TV3036	163	193	99	150	218	121	175	159	132	169
TV3036	163	193	99	170	234	121	185	167	138	179
TV3037	169	193	97	142	208	109	183	150	126	181
TV3037	177	197	99	150	230	121	201	163	126	191
TV3038	169	193	97	-9	-9	-9	-9	151	126	181
TV3038	177	197	99	-9	-9	-9	-9	163	126	191
TV3041	153	197	99	146	224	105	175	161	124	169
TV3041	159	203	107	170	224	121	175	175	124	169
TV3042	159	183	97	148	228	109	175	151	124	181
TV3042	169	197	99	150	230	109	213	163	138	191
TV3043	163	-9	107	148	224	105	175	163	126	185
TV3043	169	-9	107	164	232	121	199	177	138	195
TV3044	165	185	107	142	210	105	175	165	124	185
TV3044	173	197	107	164	220	105	175	167	133	193
TV3045	171	195	99	146	208	105	175	151	124	183
TV3045	173	205	111	170	224	105	189	165	142	187
TV3046	137	195	95	150	-9	105	175	153	138	170
TV3046	163	197	99	150	-9	125	203	167	142	185
TV3047	159	183	99	156	210	101	175	163	134	180
TV3047	167	195	111	162	238	109	175	167	142	193
TV3048	153	173	111	170	224	121	183	153	124	195
TV3048	167	195	111	170	236	125	201	175	138	195
TV3049	159	193	97	150	228	109	175	163	124	181
TV3049	161	197	107	150	230	109	175	167	138	191
TV3050	163	197	99	150	238	121	173	167	132	189
TV3050	169	199	107	164	240	121	183	167	132	195
TV3051	169	185	111	142	222	121	175	167	138	182
TV3051	171	185	111	144	234	121	197	167	138	185
TV3052	151	193	99	152	208	109	175	151	124	182
TV3052	177	205	111	160	212	109	175	169	142	-9
TV3053	163	183	99	142	208	109	195	-9	138	-9
TV3053	169	195	99	170	218	125	213	-9	138	-9
TV3054	151	191	99	146	218	105	175	167	124	-9
TV3054	179	205	111	170	230	105	193	-9	152	-9
TV3055	159	197	99	158	218	105	173	159	132	187
TV3055	171	197	99	164	240	121	175	167	132	195
TV3056	159	197	91	150	230	109	173	167	132	181
TV3056	171	197	97	170	240	121	175	167	138	195
TV3201	-9	175	114	152	222	105	179	151	129	177
TV3201	-9	191	114	152	224	125	191	165	142	182
TV3202	159	185	99	142	208	121	175	151	134	173
TV3202	159	185	107	154	224	121	175	163	134	187
TV3203	159	185	99	142	224	121	175	151	134	173
TV3203	163	197	107	154	236	121	175	163	144	187
TV3204	167	185	113	142	208	105	175	169	134	187
TV3204	181	191	113	150	214	105	211	169	142	189
TV3205	149	181	111	142	218	105	173	151	125	185
TV3205	153	195	115	148	224	105	-9	163	125	187
TV3206	149	173	99	148	224	105	175	161	144	168
TV3206	173	205	99	158	238	109	183	175	144	181
TV3207	149	173	99	148	224	105	175	161	144	168
TV3207	173	205	99	158	238	109	183	175	144	181
TV3208	143	183	99	144	212	105	175	163	138	189
TV3208	169	191	115	148	220	121	199	163	142	195
TV3209	145	195	115	142	234	105	175	161	125	181
TV3209	177	195	115	150	236	121	183	163	125	189
TV3210	137	-9	107	142	218	105	175	151	123	189
TV3210	159	195	109	160	228	105	183	163	138	193
TV3211	167	191	99	150	208	121	189	163	127	171
TV3211	179	197	99	154	220	121	211	169	134	187
TV3212	-9	191	99	142	208	105	189	169	126	150
TV3212	-9	197	115	142	220	105	211	169	127	187
TV3213	159	185	113	142	220	121	189	151	126	171
TV3213	179	191	115	150	236	121	211	163	127	187
TV3214	143	173	99	144	212	105	181	165	142	187
TV3214	157	175	119	172	224	105	199	169	152	189
TV3215	145	181	111	142	208	105	201	151	132	-9
TV3215	163	195	111	148	218	121	201	151	138	-9
TV3216	155	181	99	142	218	105	175	151	132	-9
TV3216	163	195	111	148	224	121	183	163	138	-9
TV3217	169	187	113	154	222	105	175	151	124	181
TV3217	175	187	115	172	234	109	189	175	125	181
TV3218	175	197	99	142	224	105	195	163	123	181
TV3218	177	197	99	142	228	121	197	167	132	181
TV3219	157	187	111	142	214	109	175	151	142	175
TV3219	171	187	115	154	226	109	189	151	144	181
TV3220	175	195	99	160	210	105	183	151	140	150
TV3220	181	199	99	164	220	105	199	169	146	150
TV3221	163	185	95	148	210	105	183	151	124	181
TV3221	169	195	99	160	238	105	183	167	186	189
TV3222	171	175	99	148	226	105	179	161	140	175
TV3222	177	187	121	152	236	109	179	169	142	175
TV3223	145	177	113	148	228	105	179	161	142	171
TV3223	171	187	121	170	236	109	183	163	142	177
TV3224	177	175	107	146	210	109	179	163	144	170
TV3224	181	197	107	146	226	109	183	169	144	194
TV3225	149	175	-9	150	220	105	193	151	140	179
TV3225	169	193	-9	152	236	109	193	165	142	179
TV3226	149	173	99	150	214	105	193	165	124	167
TV3226	159	199	99	152	228	105	195	169	144	167
TV3227	163	195	95	142	208	101	173	161	125	171
TV3227	169	205	111	154	234	109	185	161	186	193
TV3228	143	191	95	150	214	105	199	163	142	150
TV3228	185	195	95	150	218	105	211	169	146	193
TV3229	159	181	111	148	214	105	175	149	124	181
TV3229	161	187	121	158	226	105	175	163	156	190
TV3230	161	185	109	142	208	105	173	167	132	195
TV3230	177	185	115	148	218	121	175	177	144	195
TV3231	145	197	99	148	224	105	175	151	126	182
TV3231	173	197	105	150	228	121	197	163	138	195
TV3232	157	185	91	142	220	105	175	161	126	185
TV3232	171	197	97	162	232	113	-9	163	126	193
TV3233	149	185	99	146	210	105	183	151	132	177
TV3233	171	193	101	148	214	113	183	151	138	181
TV3234	155	187	99	142	208	105	183	165	132	182
TV3234	165	197	117	146	214	105	201	165	156	190
TV3235	-9	-9	-9	146	216	105	183	169	125	170
TV3235	-9	-9	-9	152	222	105	183	169	142	179
TV3236	163	175	111	150	226	101	175	151	142	181
TV3236	163	195	115	154	236	109	175	163	142	-9
TV3237	169	173	93	150	226	105	167	151	133	181
TV3237	179	189	113	152	228	105	189	165	144	181
TV3238	151	185	99	146	226	109	183	151	140	181
TV3238	161	197	107	148	232	109	183	169	148	194
TV3239	169	191	107	150	220	105	169	169	128	183
TV3239	171	193	109	158	234	105	189	169	144	194
TV3240	161	193	99	148	230	109	175	153	123	169
TV3240	169	197	107	150	242	121	183	167	138	191
TV3241	171	-9	107	152	212	101	169	153	123	170
TV3241	171	-9	111	152	216	105	183	167	129	181
TV3243	157	175	111	148	226	109	179	161	125	177
TV3243	169	195	121	172	234	109	-9	161	138	193
TV3244	167	173	113	158	224	105	167	151	144	179
TV3244	169	173	115	158	228	105	189	165	186	186
TV3245	163	179	101	148	230	109	175	151	125	181
TV3245	167	193	101	150	236	121	213	167	125	193
TV4251	149	185	99	146	230	105	177	161	140	187
TV4251	157	195	111	162	238	109	197	169	158	187
TV4252	155	175	109	154	210	109	-9	163	127	171
TV4252	165	189	119	168	222	109	-9	165	156	195
TV4253	165	175	109	154	228	105	-9	-9	-9	-9
TV4253	173	189	119	154	234	105	-9	-9	-9	-9
TV4254	149	175	95	150	210	105	183	151	126	171
TV4254	173	189	95	156	220	121	-9	163	133	181
TV4255	159	183	109	148	214	109	179	151	134	167
TV4255	175	205	121	148	220	113	195	169	134	173
TV4256	143	175	99	146	222	109	197	163	156	193
TV4256	165	185	109	168	224	109	197	165	174	193
TV4257	157	195	101	158	220	105	175	151	129	181
TV4257	171	197	119	168	234	109	203	151	138	191
TV4258	157	185	-9	146	212	105	175	151	128	167
TV4258	167	195	-9	154	220	117	175	165	134	181
TV4259	157	175	109	152	214	105	-9	167	127	183
TV4259	175	175	109	168	234	105	197	167	142	193
TV4260	157	185	99	150	224	105	167	153	132	186
TV4260	169	197	109	152	242	105	189	167	174	186
TV4261	155	185	107	152	212	109	187	167	133	179
TV4261	157	185	113	154	214	109	197	167	142	183
TV4262	155	185	93	146	212	109	183	165	133	-9
TV4262	181	189	107	152	224	109	187	167	133	167
TV4263	151	177	111	152	220	105	167	163	124	180
TV4263	177	209	113	154	224	109	179	165	129	182
TV4264	163	189	109	154	226	105	189	165	127	179
TV4264	179	195	109	178	226	117	189	165	127	179
TV4265	157	185	107	152	212	105	187	167	140	167
TV4265	179	189	109	178	228	109	189	167	140	179
TV4266	143	185	99	146	214	105	183	163	174	183
TV4266	171	189	109	148	218	105	197	169	186	183
TV4267	157	181	95	154	212	105	175	163	126	150
TV4267	179	195	107	178	224	109	183	169	140	171
TV4268	169	185	109	146	214	105	175	151	126	150
TV4268	179	199	123	178	226	125	197	167	142	150
TV4269	151	177	111	146	214	105	191	167	129	-9
TV4269	169	185	113	154	224	125	197	167	140	-9
TV4270	159	195	95	146	214	105	175	151	140	167
TV4270	179	195	113	178	224	117	211	165	142	169
TV4271	157	185	109	152	224	121	175	159	174	169
TV4271	159	185	109	158	234	121	189	163	174	183
TV4272	169	185	107	152	214	105	187	165	133	177
TV4272	179	189	113	154	220	109	187	167	140	183
TV4273	169	185	113	148	214	105	175	163	140	179
TV4273	179	199	121	152	218	109	197	165	142	191
TV4274	141	181	93	152	224	105	199	151	129	167
TV4274	169	185	99	154	236	109	199	167	140	183
TV4275	-9	189	95	150	228	117	189	151	133	167
TV4275	-9	195	95	154	232	125	199	167	140	186
TV4276	167	173	95	152	224	105	175	151	124	161
TV4276	177	189	99	178	248	105	191	169	140	167
TV4277	161	173	95	146	224	105	175	169	128	167
TV4277	179	195	99	154	224	109	-9	169	131	193
TV4278	161	175	111	150	-9	117	-9	151	133	179
TV4278	179	189	119	154	-9	125	-9	167	138	183
TV4279	157	177	93	148	212	105	183	151	126	179
TV4279	159	195	99	168	-9	105	203	167	138	181
TV4280	167	189	107	146	212	105	175	151	132	150
TV4280	169	203	107	178	224	105	199	169	140	181
TV4281	159	193	99	150	220	109	189	151	128	175
TV4281	167	203	99	162	226	109	189	169	140	183
TV4282	157	181	95	146	212	109	183	163	126	171
TV4282	169	185	113	146	212	117	197	165	140	179
TV4283	151	193	99	166	214	105	-9	165	134	167
TV4283	175	195	117	168	224	125	199	183	156	179
TV4284	161	173	109	146	224	105	-9	149	131	167
TV4284	175	173	117	168	226	105	217	167	156	193
TV4285	171	173	95	-9	-9	105	175	163	138	179
TV4285	175	195	123	-9	-9	113	-9	167	142	189
TV4286	167	175	93	146	214	105	197	149	126	179
TV4286	175	181	123	168	224	109	215	167	142	193
TV4287	169	173	93	152	224	105	197	149	134	179
TV4287	175	185	117	168	226	109	215	167	142	193
TV4288	145	173	117	146	224	105	197	163	142	167
TV4288	169	181	123	168	226	105	215	163	156	183
TV4289	157	193	109	154	224	109	175	163	128	191
TV4289	161	195	121	162	228	109	-9	163	164	193
TV4290	165	175	91	150	208	105	183	163	142	187
TV4290	169	175	99	154	234	105	-9	163	156	193
TV4291	155	175	93	146	212	105	-9	151	129	167
TV4291	169	197	99	152	242	105	199	161	140	183
TV4292	157	181	99	152	214	109	187	151	136	167
TV4292	179	189	107	154	228	109	205	167	140	173
TV4293	161	173	99	148	218	109	175	163	128	182
TV4293	179	193	109	154	224	109	-9	167	164	191
TV4294	149	175	99	146	210	105	183	165	140	174
TV4294	171	175	99	168	224	109	-9	165	164	182
TV4295	149	175	99	146	-9	105	-9	165	140	174
TV4295	171	175	99	168	-9	109	-9	165	164	182
TV4296	159	175	99	150	222	105	175	163	138	179
TV4296	171	183	119	168	222	109	187	169	156	183
TV4297	167	173	91	146	212	105	183	151	126	-9
TV4297	169	185	93	168	226	105	183	165	142	187
TV4298	169	185	93	152	212	125	175	167	134	-9
TV4298	179	199	117	154	218	125	213	169	142	-9
TV4299	169	185	93	150	220	105	197	167	134	193
TV4299	181	203	93	152	220	105	199	167	140	193
TV4300	167	175	95	154	212	105	-9	163	127	167
TV4300	175	189	99	168	222	117	-9	165	140	182
TV4301	157	175	99	148	218	109	175	163	127	182
TV4301	165	193	121	154	222	109	-9	163	142	193
TV4302	161	181	101	150	216	105	183	151	128	181
TV4302	179	197	119	152	220	105	189	165	140	181
TV4303	159	177	95	150	222	105	183	151	125	175
TV4303	177	189	99	170	226	105	191	165	186	181
TV4304	163	193	95	150	214	105	187	151	128	179
TV4304	173	195	95	170	214	109	187	167	144	189
TV4305	165	173	93	154	214	105	175	163	127	182
TV4305	167	175	109	162	222	109	-9	169	142	197
TV4306	157	175	99	146	210	105	175	165	138	167
TV4306	175	195	121	150	222	105	-9	169	156	182
TV4307	161	173	91	148	224	105	189	151	128	150
TV4307	163	195	109	170	226	105	189	165	142	194
TV4308	165	177	99	152	214	105	167	163	125	175
TV4308	175	187	99	152	226	105	187	173	129	180
TV4309	169	195	95	162	214	105	179	151	156	181
TV4309	171	197	109	168	234	109	-9	167	164	183
TV4310	149	191	115	142	230	105	175	151	126	187
TV4310	157	197	115	150	244	105	187	161	129	195
TV4311	153	195	99	158	222	105	183	151	126	-9
TV4311	159	205	99	162	224	121	189	163	186	183
TV4312	153	173	93	158	214	109	175	151	140	187
TV4312	167	197	115	166	230	109	175	163	144	187
TV4313	155	179	91	148	224	105	189	151	134	182
TV4313	157	205	121	160	226	121	203	151	138	195
TV4314	169	189	91	140	208	105	183	151	124	187
TV4314	171	195	117	162	216	121	183	169	144	195
TV4315	-9	-9	-9	154	222	109	189	151	132	182
TV4315	-9	-9	-9	164	222	121	199	161	144	194
TV4316	157	179	99	150	228	105	177	151	126	179
TV4316	169	195	99	154	230	109	187	151	142	188
TV4317	159	179	121	150	208	105	175	151	140	179
TV4317	169	205	121	150	228	121	187	169	142	187
TV4318	169	175	93	150	222	105	175	151	132	182
TV4318	177	179	121	154	234	105	189	161	144	194
TV4319	153	173	91	148	208	109	175	163	138	195
TV4319	169	179	93	158	224	121	175	169	142	197
TV4320	165	173	99	148	204	105	175	169	129	175
TV4320	169	-9	121	158	208	121	189	175	138	194
TV4321	157	173	91	146	208	101	-9	151	126	182
TV4321	161	-9	101	148	220	109	-9	151	138	195
TV4322	-9	-9	-9	150	224	105	175	151	138	182
TV4322	-9	-9	-9	162	234	109	189	163	144	195
TV4501	163	175	95	148	224	113	175	169	-9	173
TV4501	173	185	97	154	224	121	175	175	-9	191
TV4502	161	173	99	148	214	105	187	167	126	179
TV4502	179	195	99	154	224	105	205	169	144	186
TV4503	173	187	95	152	210	105	183	151	127	179
TV4503	181	187	95	156	220	105	189	163	138	181
TV4504	159	197	95	148	222	109	195	163	124	171
TV4504	173	197	99	154	228	113	195	169	133	186
TV4505	159	179	99	152	208	105	189	151	124	181
TV4505	177	195	99	162	222	105	189	151	142	194
TV4506	157	185	-9	150	222	105	189	151	124	150
TV4506	179	193	-9	152	228	109	197	167	142	183
TV4507	149	189	99	142	218	105	187	151	125	169
TV4507	153	195	121	162	226	109	203	151	129	183
TV4508	151	195	109	148	228	105	-9	151	125	181
TV4508	165	195	109	154	234	105	211	163	164	181
TV4509	157	185	117	140	214	113	183	151	124	161
TV4509	171	195	119	152	216	117	183	167	142	167
TV4510	151	173	-9	148	214	105	185	151	129	169
TV4510	169	175	-9	150	226	109	211	165	140	182
TV4511	161	173	97	146	216	105	199	151	138	169
TV4511	175	197	99	148	220	109	203	163	140	186
TV4512	149	181	99	152	210	109	183	167	-9	183
TV4512	169	185	123	168	214	109	197	169	-9	191
TV4513	149	173	95	146	220	105	191	163	129	161
TV4513	165	189	95	152	228	105	211	175	144	179
TV4514	149	175	99	146	226	105	183	151	129	179
TV4514	149	189	99	162	228	109	211	163	138	182
TV4515	-9	-9	-9	-9	-9	109	195	151	129	187
TV4515	-9	-9	-9	-9	-9	109	211	151	154	187
TV4516	159	179	99	146	208	105	167	151	125	192
TV4516	169	181	99	162	220	105	203	169	142	192
TV4517	159	179	121	152	220	105	189	151	125	169
TV4517	161	181	121	162	226	105	189	169	142	192
TV4518	177	175	109	146	224	105	167	163	133	182
TV4518	177	187	111	160	224	105	197	169	148	182
TV4519	167	181	115	146	214	109	197	167	140	-9
TV4519	169	185	119	162	228	113	197	167	142	-9
TV4520	159	193	99	146	222	105	175	167	124	-9
TV4520	179	195	121	158	224	113	195	167	144	182
TV4521	159	173	99	152	214	105	185	169	142	169
TV4521	185	173	101	168	226	109	185	169	170	181
TV4522	159	175	111	162	228	105	189	163	129	-9
TV4522	179	193	119	162	228	109	211	169	140	182
TV4523	147	175	111	162	208	121	183	151	134	169
TV4523	159	179	121	168	214	121	203	151	142	182
TV4524	167	175	107	152	212	105	183	169	140	167
TV4524	169	189	123	154	228	117	183	169	142	182
TV4525	179	173	101	154	214	105	185	169	126	-9
TV4525	185	193	119	168	228	105	189	169	170	-9
TV4526	157	173	99	146	220	105	189	151	138	169
TV4526	159	189	99	-9	226	105	203	163	156	171
TV4527	-9	-9	-9	-9	-9	-9	-9	-9	-9	-9
TV4527	-9	-9	-9	-9	-9	-9	-9	-9	-9	-9
TV4528	157	177	99	146	214	105	167	163	129	167
TV4528	173	181	123	152	228	105	183	167	134	175
TV4529	145	183	99	142	232	105	175	163	138	179
TV4529	177	187	99	142	234	121	175	163	138	181
TV4530	157	173	115	152	220	105	175	167	142	167
TV4530	171	185	123	162	228	109	197	171	142	194
TV4531	151	175	95	152	220	105	191	151	125	169
TV4531	169	189	95	162	226	109	191	167	140	179
TV4532	161	185	95	154	226	105	187	-9	-9	-9
TV4532	179	187	119	154	228	117	189	-9	-9	-9
TV4533	161	185	95	154	226	105	187	165	123	175
TV4533	179	187	119	154	228	117	189	165	140	179
TV4534	157	181	123	-9	-9	-9	-9	165	127	-9
TV4534	171	195	123	-9	-9	-9	-9	167	133	193
TV4535	157	183	121	-9	-9	-9	-9	151	124	167
TV4535	185	185	123	-9	-9	-9	-9	167	133	193
TV4536	151	175	99	144	222	105	167	165	129	183
TV4536	179	191	113	168	238	125	225	179	144	196
TV4537	157	175	95	146	228	105	199	151	128	169
TV4537	157	181	107	154	232	105	199	167	133	193
TV4538	-9	-9	-9	-9	-9	-9	-9	-9	-9	-9
TV4538	-9	-9	-9	-9	-9	-9	-9	-9	-9	-9
TV4539	149	185	115	152	214	109	191	163	126	189
TV4539	159	195	115	168	220	109	213	163	132	193
TV4540	155	185	-9	152	214	105	189	151	140	181
TV4540	159	203	-9	152	220	105	197	165	140	181
TV4541	-9	-9	-9	-9	-9	-9	-9	-9	-9	-9
TV4541	-9	-9	-9	-9	-9	-9	-9	-9	-9	-9
TV4542	159	187	99	150	208	109	175	151	125	181
TV4542	163	197	99	150	222	109	199	151	138	187
TV4543	153	-9	99	150	220	105	175	151	138	181
TV4543	159	203	99	150	226	121	199	151	144	195
TV4544	157	189	99	154	226	105	189	167	124	150
TV4544	167	193	119	162	228	105	191	167	140	186
TV4545	155	197	99	152	208	105	191	151	138	167
TV4545	181	203	99	154	236	105	199	167	140	181
TV4546	173	187	95	150	214	105	187	167	128	179
TV4546	179	189	119	154	228	117	187	167	140	183
TV4547	155	185	99	150	212	105	199	151	138	167
TV4547	181	203	119	152	220	109	199	165	140	183
TV4548	167	179	91	154	214	105	175	151	128	150
TV4548	169	189	105	162	226	109	189	151	134	194
TV4549	161	185	115	146	218	105	187	161	129	175
TV4549	167	187	119	154	222	109	187	177	144	183
TV4550	155	189	107	142	228	109	183	165	124	179
TV4550	173	205	107	154	234	113	215	167	148	193
TV4551	155	185	-9	146	212	109	175	151	126	150
TV4551	167	197	-9	178	234	113	187	175	129	183
TV4552	171	189	111	142	228	109	183	165	124	173
TV4552	173	195	119	150	234	113	183	167	148	181
TV4553	169	173	95	146	218	109	187	151	144	165
TV4553	175	195	119	152	224	109	195	151	144	181
TV4554	163	173	95	150	214	105	179	151	128	165
TV4554	175	195	107	150	218	113	195	151	144	181
TV4555	163	175	113	152	220	105	183	151	128	181
TV4555	171	187	123	164	226	105	199	167	134	181
TV4556	145	175	123	148	220	109	183	149	142	167
TV4556	169	187	123	168	226	109	-9	167	142	193
TV4557	155	191	99	168	220	105	175	169	134	171
TV4557	155	195	115	170	224	105	197	169	144	171
TV4558	157	173	109	152	220	109	179	151	134	173
TV4558	175	205	115	168	220	109	197	163	134	181
TV4559	167	195	95	148	214	109	189	167	128	189
TV4559	171	195	97	148	224	113	189	169	138	191
TV4560	159	177	99	142	208	105	175	151	142	183
TV4560	163	195	111	150	234	121	189	151	186	189
TV4561	167	195	115	-9	208	-9	175	161	127	161
TV4561	193	195	115	-9	224	-9	187	165	138	169
TV4562	171	181	99	148	220	109	175	151	126	150
TV4562	177	207	115	154	220	109	189	167	148	195
TV4563	161	173	95	142	210	121	183	151	126	183
TV4563	177	177	111	146	220	121	211	165	126	191
TV4564	163	185	95	130	222	105	175	151	129	187
TV4564	163	197	99	148	226	109	183	167	129	193
TV4565	149	195	99	150	220	105	187	151	123	189
TV4565	163	205	115	154	224	109	195	161	186	191
TV4566	167	177	97	142	208	105	175	163	126	150
TV4566	177	197	111	148	224	121	211	169	126	150
TV4567	157	173	99	148	218	109	179	161	140	179
TV4567	171	177	121	154	224	109	195	165	140	189
TV4568	149	195	93	160	208	105	175	151	138	169
TV4568	167	207	99	168	218	105	189	161	144	195
TV4569	167	175	93	146	208	113	175	151	138	182
TV4569	173	205	95	162	222	121	189	151	142	197
TV4570	167	173	95	152	214	105	189	151	129	-9
TV4570	173	177	111	154	224	109	189	163	138	-9
TV4571	157	177	95	148	216	109	175	167	134	187
TV4571	159	181	99	148	224	113	175	169	142	195
TV4572	157	173	99	158	220	105	175	151	138	175
TV4572	159	177	111	168	238	109	179	151	186	189
TV4573	155	195	99	142	220	105	175	163	138	174
TV4573	159	197	109	170	230	121	175	167	142	183
TV4751	171	173	95	158	208	105	173	151	144	181
TV4751	173	185	99	162	226	121	175	163	144	193
TV4752	143	191	95	150	214	105	199	165	127	150
TV4752	159	195	95	154	218	105	219	169	152	179
TV4753	159	191	-9	150	214	105	183	151	142	150
TV4753	177	191	-9	164	224	105	211	163	146	189
TV4754	143	181	115	142	214	105	179	151	138	167
TV4754	159	191	115	168	220	105	189	169	148	171
TV4755	143	191	99	142	218	105	189	151	138	171
TV4755	179	195	99	144	220	105	199	169	146	193
TV4756	143	179	99	150	210	121	189	151	126	-9
TV4756	157	191	99	154	220	121	189	151	138	-9
TV4757	171	173	99	142	220	105	179	169	138	150
TV4757	179	191	99	146	222	105	211	169	140	179
TV4758	171	187	99	152	220	105	193	169	138	171
TV4758	179	191	115	154	220	105	211	169	138	179
TV4759	161	191	95	146	220	109	195	151	127	150
TV4759	183	197	115	170	228	109	211	167	140	150
TV4760	171	187	95	148	220	105	179	165	140	167
TV4760	171	195	99	148	222	105	193	169	140	169
TV4761	169	175	97	146	226	105	187	163	140	181
TV4761	177	187	111	148	238	105	203	167	148	181
TV4762	-9	187	110	142	220	109	177	151	129	177
TV4762	-9	187	122	166	224	109	183	169	129	181
TV4763	169	175	95	146	224	105	173	167	144	170
TV4763	181	207	95	154	228	109	187	169	144	190
TV4764	149	187	109	148	210	105	189	165	129	150
TV4764	169	191	109	158	222	105	193	169	129	179
TV4765	159	195	99	154	214	105	173	151	138	150
TV4765	163	207	107	168	218	105	175	167	138	189
TV4766	159	185	99	148	220	105	175	151	126	173
TV4766	171	193	107	148	220	109	183	169	144	183
TV4767	157	179	105	148	208	105	175	151	126	167
TV4767	163	195	105	150	228	109	189	167	138	170
TV4768	171	187	109	162	220	113	177	169	132	179
TV4768	171	195	109	166	220	113	187	169	142	191
TV4769	171	189	99	148	214	105	167	161	133	183
TV4769	171	193	101	148	224	105	189	167	142	183
TV4770	157	189	95	148	214	105	183	167	-9	179
TV4770	171	197	99	148	214	125	199	169	-9	191
TV4771	163	189	115	152	210	105	189	165	140	150
TV4771	171	205	-9	154	220	109	189	165	144	167
TV4772	163	185	91	148	214	105	173	151	128	189
TV4772	175	187	91	158	224	105	179	167	134	195
TV4773	171	179	95	158	214	105	183	165	144	179
TV4773	179	189	97	168	220	109	199	169	148	191
TV4774	163	187	99	148	218	105	189	151	144	150
TV4774	171	191	109	154	220	105	193	165	144	167
TV4775	155	173	99	154	222	105	175	151	134	167
TV4775	159	195	105	168	224	105	187	151	134	191
TV4776	171	189	97	148	210	105	179	163	-9	167
TV4776	171	197	99	168	214	109	199	169	-9	191
TV4777	159	185	105	-9	-9	-9	-9	151	134	167
TV4777	163	195	121	-9	-9	-9	-9	167	138	189
TV4778	159	185	105	148	224	105	173	151	134	167
TV4778	163	195	121	154	228	121	173	167	138	189
TV4779	-9	197	99	142	208	105	175	151	126	181
TV4779	-9	197	99	150	208	105	205	151	138	189
TV4780	157	175	95	148	214	105	175	151	126	179
TV4780	159	189	95	154	224	109	189	169	126	189
TV4781	157	185	111	150	212	105	173	163	132	183
TV4781	163	185	113	152	224	105	197	163	142	195
TV4782	157	185	97	144	208	105	175	151	124	161
TV4782	167	197	99	152	234	105	211	161	138	181
TV4783	175	195	99	146	224	105	179	151	134	170
TV4783	177	201	121	148	226	105	183	167	142	182
TV4784	137	173	99	150	208	105	175	151	128	-9
TV4784	161	197	99	152	224	105	183	169	140	-9
TV4785	169	193	111	152	214	101	183	163	127	179
TV4785	169	205	111	172	224	101	189	169	142	186
TV4786	157	185	99	142	208	105	175	151	128	181
TV4786	159	197	109	146	220	105	187	163	128	189
TV4787	159	185	95	148	-9	105	175	151	126	173
TV4787	179	185	107	178	-9	109	175	169	144	191
TV4788	157	185	99	142	214	105	175	151	132	181
TV4788	157	197	111	168	236	105	175	169	138	181
TV4789	159	193	99	142	214	105	175	169	148	183
TV4789	171	195	101	146	214	105	189	169	186	183
TV4790	145	187	109	146	210	105	187	151	128	181
TV4790	173	189	113	158	232	105	201	161	144	181
TV4791	171	175	99	148	222	105	185	151	138	179
TV4791	181	195	109	150	224	105	185	151	144	179
TV4792	159	-9	99	148	208	121	173	163	132	182
TV4792	177	-9	105	150	220	121	175	175	132	189
TV4793	147	173	99	160	214	105	193	167	142	171
TV4793	173	189	115	162	218	105	219	169	142	187
TV4794	157	181	99	150	236	105	175	151	128	181
TV4794	163	197	121	150	236	109	189	175	140	187
TV4795	137	191	99	142	208	105	175	151	128	189
TV4795	159	197	111	148	222	105	205	165	152	189
TV4796	175	193	111	146	220	101	191	151	133	180
TV4796	177	207	111	160	224	105	191	167	148	187
TV4797	155	173	99	148	208	105	205	151	164	179
TV4797	161	195	99	162	214	105	219	167	164	183
TV4798	171	185	111	146	216	105	179	163	140	169
TV4798	171	205	121	152	238	105	179	163	142	179
TV4799	157	187	99	146	214	105	189	161	-9	183
TV4799	165	187	101	168	218	109	191	167	-9	183
TV4800	151	185	99	146	212	105	183	151	126	181
TV4800	171	189	121	148	220	105	183	165	148	193
TV4801	167	175	97	142	222	101	181	163	-9	181
TV4801	169	197	99	152	224	109	199	169	-9	181
TV4802	171	193	99	146	214	105	183	161	126	181
TV4802	171	193	101	148	220	105	189	169	148	183
TV4803	171	193	99	146	214	105	183	161	126	181
TV4803	171	193	101	148	220	105	189	169	148	183
TV4804	171	173	99	146	214	105	179	151	134	167
TV4804	177	205	101	172	222	125	179	153	148	179
TV4805	167	187	99	138	214	105	189	149	144	181
TV4805	171	193	109	146	224	105	203	169	148	186
TV4806	151	185	99	158	212	105	179	151	144	179
TV4806	179	189	101	158	214	109	189	167	148	193
TV4807	171	193	99	146	220	105	189	-9	126	183
TV4807	177	195	101	160	224	105	199	-9	144	193
TV4808	171	173	99	146	222	105	187	-9	-9	-9
TV4808	171	189	111	146	232	105	-9	-9	-9	-9
TV4809	145	187	113	148	220	105	175	151	132	167
TV4809	177	189	113	150	222	105	203	169	132	183
TV4810	147	195	99	146	222	105	175	151	138	167
TV4810	171	195	115	154	230	105	187	169	148	175
TV4811	145	189	99	142	220	105	175	169	144	179
TV4811	147	189	99	146	228	105	183	169	186	183
TV4812	171	175	111	148	224	105	175	167	132	181
TV4812	177	181	111	168	228	105	-9	169	132	189
TV4813	171	173	99	148	212	105	179	165	140	-9
TV4813	175	195	113	168	220	105	183	169	140	-9
TV4814	149	205	111	158	212	105	169	165	132	183
TV4814	179	205	121	168	238	105	175	169	142	183
TV4815	171	173	99	148	212	105	179	165	140	-9
TV4815	175	195	113	168	220	105	183	169	140	-9
TV4816	155	-9	99	162	214	105	169	-9	132	180
TV4816	175	205	113	168	220	105	175	-9	132	183
TV4817	149	173	99	142	220	105	179	163	140	175
TV4817	175	195	113	162	224	109	179	165	186	186
TV4818	163	181	107	146	214	105	191	167	133	183
TV4818	171	207	107	148	224	105	-9	167	144	189
TV4819	-9	189	112	150	212	105	183	167	133	181
TV4819	-9	193	112	152	220	105	191	169	144	187
TV4820	163	195	95	148	214	109	179	151	128	187
TV4820	177	207	114	154	224	113	199	169	133	187
TV4821	169	193	111	146	220	101	189	165	133	187
TV4821	175	205	113	150	232	105	189	169	144	187
TV4822	171	189	109	142	214	105	187	165	132	169
TV4822	171	195	113	168	224	105	-9	167	144	181
TV4823	171	193	99	146	220	101	187	167	148	165
TV4823	175	195	111	146	222	105	191	169	148	187
TV4824	149	173	99	142	218	105	183	169	144	181
TV4824	171	195	99	150	220	105	183	169	186	181
TV4825	151	181	99	154	224	109	175	167	144	-9
TV4825	171	195	113	168	228	109	175	167	186	-9
TV4826	147	189	99	146	218	105	183	167	132	183
TV4826	171	189	99	148	228	105	-9	169	186	183
TV4827	-9	185	100	168	214	105	179	151	132	167
TV4827	-9	189	114	168	214	105	183	169	148	167
TV4828	-9	189	112	152	212	105	183	163	142	179
TV4828	-9	197	112	168	214	105	187	169	148	183
TV4829	171	193	109	148	214	105	175	165	132	169
TV4829	171	195	115	162	224	109	179	169	142	177
TV4830	165	175	99	154	222	101	175	167	144	183
TV4830	175	195	121	168	222	105	191	169	148	183
TV4831	149	185	99	146	214	109	175	151	126	191
TV4831	163	193	109	162	224	113	175	175	132	191
TV4832	171	193	95	160	220	113	175	161	140	191
TV4832	175	195	109	162	224	113	191	167	148	193
TV4833	165	175	95	158	220	105	175	167	140	169
TV4833	171	189	99	168	222	125	191	167	144	183
TV4834	167	175	99	146	224	101	187	151	131	187
TV4834	167	177	123	160	224	105	199	167	144	-9
TV4835	165	177	109	148	220	101	175	151	140	180
TV4835	175	203	111	158	226	105	191	167	148	191
TV4836	167	193	97	146	220	113	183	151	140	-9
TV4836	171	195	111	160	222	113	199	163	144	180
TV4837	171	177	109	148	224	105	175	161	138	193
TV4837	171	195	121	158	236	109	179	167	144	195
TV4838	159	193	99	146	208	105	183	151	133	177
TV4838	175	195	113	148	224	105	191	167	144	189
TV4839	149	189	95	154	224	101	191	167	128	169
TV4839	167	193	95	160	232	105	199	167	140	193
TV5001	179	201	-9	162	226	105	175	151	140	187
TV5001	179	207	-9	168	226	105	175	151	140	187
TV5002	153	197	99	162	222	105	175	163	126	187
TV5002	157	197	111	170	232	121	175	163	126	189
TV5010	-9	-9	-9	-9	-9	-9	-9	163	134	181
TV5010	-9	-9	-9	-9	-9	-9	-9	167	142	185
TV5013	-9	-9	-9	148	218	109	175	-9	-9	-9
TV5013	-9	-9	-9	150	224	121	189	-9	-9	-9
TV5014	-9	-9	-9	148	224	109	175	-9	-9	-9
TV5014	-9	-9	-9	150	228	121	183	-9	-9	-9
TV5015	-9	-9	-9	148	218	105	175	-9	-9	-9
TV5015	-9	-9	-9	160	230	121	203	-9	-9	-9
TV5019	167	185	-9	150	222	105	175	163	125	169
TV5019	169	185	-9	160	238	105	175	167	138	182
TV5020	167	183	99	146	208	113	175	-9	-9	-9
TV5020	179	185	115	150	230	121	175	-9	-9	-9
TV5021	151	193	99	150	222	105	175	-9	-9	-9
TV5021	185	197	99	158	224	121	175	-9	-9	-9
TV5022	149	-9	97	146	208	105	175	-9	-9	-9
TV5022	163	-9	99	150	222	105	205	-9	-9	-9
TV5023	145	193	99	170	218	121	175	163	138	189
TV5023	149	195	107	170	236	121	185	163	-9	195
TV5024	167	185	101	142	222	105	175	163	138	-9
TV5024	171	185	101	144	238	105	175	167	138	182
TV5025	145	187	99	142	208	105	167	163	144	169
TV5025	161	195	117	176	240	125	189	165	144	175
TV5026	151	183	99	152	222	105	199	163	144	175
TV5026	161	195	119	176	226	125	199	165	144	185
TV5028	171	197	99	142	228	105	175	-9	-9	-9
TV5028	179	203	107	150	236	105	175	-9	-9	-9
TV5029	171	197	99	150	228	121	175	-9	-9	-9
TV5029	179	203	107	150	236	121	175	-9	-9	-9
TV5030	159	173	111	150	208	105	183	-9	126	-9
TV5030	169	207	115	160	238	109	183	-9	126	-9
TV5031	165	197	99	144	208	105	175	163	123	182
TV5031	177	197	99	148	222	109	175	175	142	189
TV5032	167	185	101	142	208	109	175	163	126	179
TV5032	171	203	107	150	236	109	175	163	138	189
TV5033	163	197	99	146	208	105	175	-9	132	-9
TV5033	175	197	101	170	234	105	175	-9	132	-9
TV5034	171	193	99	142	208	105	175	-9	126	191
TV5034	171	195	107	142	208	105	175	-9	126	193
TV5035	137	185	101	170	226	105	183	161	126	169
TV5035	167	187	109	170	232	109	205	167	126	175
TV5037	137	197	97	148	220	105	181	161	126	171
TV5037	163	205	99	150	220	121	213	167	126	181
TV5038	153	185	91	144	222	105	175	163	138	186
TV5038	153	201	107	160	238	105	183	165	138	195
TV5039	159	175	99	150	222	105	175	151	124	169
TV5039	167	-9	105	170	236	121	175	167	138	189
TV5040	135	195	99	138	236	105	175	151	132	171
TV5040	163	195	99	142	236	105	197	175	132	182
TV5041	159	185	107	148	208	105	175	163	126	182
TV5041	163	197	111	160	218	121	175	167	126	185
TV5042	137	193	99	142	218	121	183	167	125	179
TV5042	157	193	99	160	234	121	183	167	140	193
TV5043	161	185	97	142	220	105	183	163	134	182
TV5043	175	-9	111	170	230	121	213	175	138	195
TV5044	137	183	101	142	218	105	175	167	126	171
TV5044	167	195	107	170	228	105	185	167	186	175
TV5045	145	173	107	160	218	105	175	151	132	186
TV5045	167	199	109	160	242	121	175	163	138	193
TV5046	149	191	99	148	220	121	175	151	132	170
TV5046	163	193	111	170	238	121	195	163	132	182
TV5047	159	173	99	142	218	105	175	163	132	169
TV5047	165	173	99	142	220	105	175	167	138	187
TV5048	163	193	111	148	224	101	175	163	124	181
TV5048	183	195	111	150	224	105	-9	175	138	187
TV5049	161	195	97	150	208	121	175	163	132	169
TV5049	169	197	99	150	208	125	175	171	132	179
TV5050	159	173	107	144	208	105	175	151	123	169
TV5050	169	199	111	148	222	121	175	167	138	179
TV5051	163	185	111	-9	-9	-9	-9	165	126	181
TV5051	163	185	115	-9	-9	-9	-9	167	126	185
TV5052	169	185	97	150	208	109	175	151	128	169
TV5052	175	197	99	170	208	125	199	171	132	193
TV5053	169	185	97	150	208	109	175	151	128	169
TV5053	175	197	99	170	208	125	199	171	132	193
TV5054	137	183	99	148	228	105	175	-9	-9	-9
TV5054	171	183	99	160	234	105	183	-9	-9	-9
TV5055	151	173	111	142	208	109	175	-9	-9	-9
TV5055	169	197	111	148	224	125	215	-9	-9	-9
TV5056	157	193	99	146	208	105	175	165	124	171
TV5056	165	199	99	150	214	121	203	169	138	192
TV5057	159	185	99	152	208	105	187	149	132	161
TV5057	169	187	113	152	214	117	201	167	132	-9
TV5058	165	187	91	146	214	105	175	151	138	171
TV5058	179	199	117	158	222	105	185	163	148	183
TV5059	149	187	111	146	208	105	175	151	132	171
TV5059	159	199	117	158	224	105	201	165	156	190
TV5060	149	187	111	146	208	105	175	151	132	171
TV5060	159	199	117	158	224	105	201	165	156	190
TV5061	149	187	111	146	208	105	175	151	132	171
TV5061	159	199	117	158	224	105	201	165	156	190
TV5062	159	183	121	150	208	105	175	167	128	169
TV5062	163	185	121	158	218	109	201	167	156	182
TV5063	157	173	99	146	208	105	175	151	124	171
TV5063	165	187	107	150	214	105	175	169	156	192
TV5064	163	-9	99	142	220	105	175	161	123	185
TV5064	167	195	99	170	232	109	213	163	138	187
TV5065	157	173	99	148	218	121	175	167	123	182
TV5065	165	187	107	170	220	121	213	167	140	189
TV5066	157	183	97	142	214	109	191	163	125	180
TV5066	169	193	97	154	222	121	203	175	128	185
TV5067	137	209	99	142	214	109	175	163	132	181
TV5067	171	209	99	142	214	121	175	175	140	187
TV5068	151	173	95	150	218	121	175	163	125	185
TV5068	157	203	109	150	222	121	183	163	125	189
TV5069	137	183	97	162	214	105	175	-9	-9	-9
TV5069	167	193	97	170	222	121	191	-9	-9	-9
TV5070	-9	-9	-9	-9	-9	-9	175	-9	-9	-9
TV5070	169	-9	-9	-9	-9	-9	-9	-9	-9	-9
TV5071	151	173	99	170	218	109	175	151	123	169
TV5071	169	197	99	170	224	121	195	167	134	189
TV5073	145	173	115	148	218	105	175	163	138	181
TV5073	153	205	115	148	220	121	175	163	138	195
TV5074	159	173	107	150	214	105	175	-9	-9	-9
TV5074	171	187	117	152	214	121	175	-9	-9	-9
TV5075	137	195	107	150	224	109	175	163	128	169
TV5075	153	203	107	162	236	121	175	167	138	189
TV5076	159	181	99	-9	-9	121	-9	167	124	181
TV5076	159	181	99	170	-9	121	-9	167	138	189
TV5077	149	173	99	-9	214	105	175	163	126	169
TV5077	157	173	99	154	228	105	199	169	126	192
TV5078	159	191	107	-9	-9	-9	-9	151	126	169
TV5078	169	191	107	-9	-9	-9	-9	161	126	187
TV5079	149	195	99	150	208	105	175	151	134	179
TV5079	153	207	99	152	234	121	175	163	138	181
TV5080	159	-9	97	150	222	109	175	167	124	169
TV5080	177	-9	99	170	224	121	175	167	138	189
TV5081	161	197	107	150	224	109	175	163	134	169
TV5081	169	197	121	170	230	121	175	167	138	191
TV5082	161	197	99	152	208	105	175	151	124	181
TV5082	167	197	125	164	220	105	183	165	124	189
TV5083	171	175	93	-9	-9	105	175	-9	-9	150
TV5083	173	193	107	-9	-9	105	189	169	-9	192
TV5084	163	181	97	138	230	105	183	151	138	169
TV5084	163	185	97	164	234	113	201	153	138	185
TV5085	149	195	97	142	208	105	175	165	125	169
TV5085	167	199	97	172	224	105	183	175	125	187
TV5086	137	197	107	142	222	105	175	159	126	181
TV5086	167	197	107	146	224	109	-9	165	138	195
TV5087	157	-9	99	160	214	105	-9	163	126	185
TV5087	163	199	99	170	218	121	213	177	186	193
TV5088	157	185	99	142	222	105	-9	151	124	189
TV5088	161	185	111	160	238	105	-9	177	134	189
TV5111	-9	-9	-9	148	208	105	175	161	126	181
TV5111	-9	-9	-9	162	208	121	175	169	138	194
TV5112	-9	-9	-9	170	220	109	175	151	131	182
TV5112	-9	-9	-9	170	228	121	175	167	138	189
TV5113	163	203	99	142	208	109	175	161	131	182
TV5113	165	203	111	170	234	121	175	167	138	189
TV5114	-9	-9	-9	142	208	105	183	151	126	182
TV5114	-9	-9	-9	170	210	105	203	167	138	195
TV5115	163	175	107	146	224	105	191	151	134	169
TV5115	171	193	109	162	224	105	191	-9	142	189
TV5116	163	185	99	146	224	121	175	-9	-9	-9
TV5116	177	197	107	148	234	121	175	-9	-9	-9
TV5117	163	195	111	148	220	105	175	151	133	189
TV5117	171	207	111	162	224	105	191	161	142	191
TV5118	155	175	99	146	224	109	175	151	142	189
TV5118	157	175	107	154	226	109	179	175	142	195
TV5119	145	181	111	148	220	105	175	151	126	180
TV5119	163	207	111	168	232	105	191	167	133	183
TV5120	-9	-9	-9	148	222	121	167	165	129	173
TV5120	-9	-9	-9	168	224	125	175	175	129	182
TV5121	159	175	-9	148	214	105	175	151	126	179
TV5121	163	189	-9	148	220	121	189	151	126	189
TV5122	151	185	111	168	214	101	175	161	127	167
TV5122	171	197	113	168	234	105	199	167	148	186
TV5123	-9	-9	-9	152	220	109	183	167	128	150
TV5123	-9	-9	-9	154	224	117	183	169	129	193
TV5124	159	179	107	152	208	105	189	151	125	169
TV5124	179	179	121	162	228	105	203	165	140	194
TV5125	149	177	91	-9	220	-9	179	161	140	169
TV5125	171	185	91	-9	238	-9	187	163	164	175
TV5126	169	185	109	146	214	105	183	167	127	150
TV5126	175	185	115	154	234	109	191	167	134	182
TV5127	159	185	113	146	214	105	167	167	125	150
TV5127	169	199	113	152	224	105	183	167	126	192
TV5128	169	175	123	152	220	105	183	167	142	161
TV5128	171	195	123	168	236	105	199	167	144	182
TV5129	149	189	95	146	228	105	-9	151	-9	-9
TV5129	175	205	109	168	232	105	-9	163	-9	-9
TV5130	159	185	113	146	212	105	183	161	135	183
TV5130	173	197	113	150	220	105	187	167	142	189
TV5131	169	173	101	162	214	105	185	165	126	150
TV5131	179	193	101	168	228	109	189	169	170	169
TV5132	149	175	113	152	210	105	197	151	138	186
TV5132	157	197	113	154	214	105	203	167	142	193
TV5138	149	195	95	146	210	109	-9	151	126	171
TV5138	173	195	95	156	234	121	-9	163	127	182
TV5139	155	175	109	154	210	105	-9	163	133	171
TV5139	165	189	119	168	222	109	-9	165	156	193
TV5140	149	175	95	146	228	105	175	151	126	181
TV5140	173	175	95	154	234	121	175	167	133	181
TV5141	155	193	95	-9	-9	-9	-9	-9	-9	-9
TV5141	155	195	95	-9	-9	-9	-9	-9	-9	-9
TV5142	-9	-9	-9	156	210	105	189	-9	-9	-9
TV5142	-9	-9	-9	-9	224	109	189	-9	-9	-9
TV5143	159	185	117	146	224	105	179	-9	140	169
TV5143	171	195	117	150	238	105	197	-9	144	182
TV5144	-9	-9	-9	154	226	105	183	163	130	181
TV5144	-9	-9	-9	154	234	109	189	163	132	187
TV5145	159	195	95	142	208	109	181	151	132	161
TV5145	163	205	95	142	212	109	191	169	142	187
TV5146	159	197	97	138	208	109	175	-9	-9	-9
TV5146	171	207	99	142	234	109	201	-9	-9	-9
TV5147	171	173	95	142	222	105	167	163	129	169
TV5147	179	195	119	146	234	113	203	163	130	181
TV5148	159	173	119	142	222	105	175	-9	-9	-9
TV5148	179	185	119	146	234	113	203	-9	-9	-9
TV5149	155	197	95	150	234	109	175	163	142	-9
TV5149	175	197	111	162	236	125	183	167	142	193
TV5150	155	195	95	142	234	109	181	163	129	161
TV5150	159	199	95	170	234	109	189	167	134	177
TV5151	163	173	91	150	232	105	183	163	142	161
TV5151	165	205	95	150	234	109	183	169	168	179
TV5152	163	173	91	150	232	105	183	163	142	161
TV5152	165	205	95	150	234	109	183	169	168	179
TV5153	163	173	91	150	232	105	183	163	142	161
TV5153	165	205	95	150	234	109	183	169	168	179
TV5154	137	183	111	-9	-9	-9	-9	153	124	179
TV5154	163	209	111	-9	-9	-9	-9	177	132	185
TV5155	-9	-9	-9	142	208	109	175	-9	-9	-9
TV5155	-9	-9	-9	142	234	125	189	-9	-9	-9
TV5156	159	197	113	142	208	109	175	151	129	-9
TV5156	163	197	119	142	234	125	189	167	131	-9
TV5157	159	197	113	142	208	109	175	151	129	169
TV5157	163	197	119	142	234	125	189	167	131	173
TV5158	159	197	113	142	208	109	175	151	129	169
TV5158	163	197	119	142	234	125	189	167	131	173
TV5159	159	197	113	142	208	109	175	151	129	169
TV5159	163	197	119	142	234	125	189	167	131	173
TV5160	159	197	113	142	208	109	175	151	129	169
TV5160	163	197	119	142	234	125	189	167	131	173
TV5161	159	197	113	142	208	109	175	151	129	169
TV5161	163	197	119	142	234	125	189	167	131	173
TV5163	165	185	107	142	208	105	175	163	138	187
TV5163	175	195	107	146	214	121	183	167	138	193
TV5164	137	183	99	144	208	105	175	-9	-9	-9
TV5164	167	187	111	172	214	105	175	-9	-9	-9
TV5165	165	185	99	150	210	105	177	151	126	189
TV5165	167	-9	121	166	222	105	207	151	138	193
TV5166	177	193	97	142	222	105	183	151	138	-9
TV5166	177	195	99	146	224	121	207	169	144	-9
TV5167	163	195	95	142	208	109	181	151	138	161
TV5167	177	197	99	150	250	121	207	167	142	195
TV5168	175	185	107	142	226	109	175	151	124	189
TV5168	177	-9	111	150	252	121	207	163	124	193
TV5169	175	191	99	148	226	105	189	-9	-9	-9
TV5169	177	195	121	150	252	121	207	-9	-9	-9
TV5170	-9	-9	-9	142	208	105	183	-9	-9	-9
TV5170	-9	-9	-9	164	220	105	189	-9	-9	-9
TV5171	149	-9	91	150	224	105	175	167	142	181
TV5171	153	-9	95	162	232	105	187	167	144	195
TV5172	149	185	111	154	208	105	183	165	125	150
TV5172	163	195	111	168	224	109	191	167	140	182
TV5173	155	189	111	148	206	105	175	167	123	182
TV5173	163	195	119	148	208	105	183	167	138	-9
TV5174	159	193	101	146	226	105	183	165	138	187
TV5174	163	195	121	154	236	121	201	167	138	193
TV5175	149	195	95	154	224	105	175	167	125	150
TV5175	179	195	111	154	226	113	175	167	140	187
TV5176	149	195	-9	154	224	105	175	167	125	150
TV5176	179	195	-9	154	226	113	175	167	140	187
TV5177	177	185	107	148	208	105	183	151	124	182
TV5177	179	191	121	150	222	121	207	165	138	-9
TV5178	145	195	99	154	208	105	175	165	131	181
TV5178	163	195	121	162	230	105	183	167	138	187
TV5179	163	195	99	146	226	101	175	165	127	173
TV5179	167	207	121	154	232	105	175	165	138	182
TV5180	159	195	99	148	214	109	175	163	124	171
TV5180	175	205	115	148	232	109	213	167	138	193
TV5181	155	175	95	150	218	105	175	169	134	175
TV5181	183	205	99	150	224	105	189	169	156	193
TV5182	149	181	111	142	226	105	175	151	128	177
TV5182	179	183	111	142	234	109	187	165	142	193
TV5183	163	195	103	154	220	109	187	151	127	195
TV5183	165	195	103	158	226	113	207	163	186	198
TV5184	161	187	99	146	214	105	175	151	129	181
TV5184	165	205	111	154	216	105	183	167	142	181
TV5185	-9	-9	-9	142	222	105	175	163	123	-9
TV5185	-9	-9	-9	160	232	105	183	167	138	175
TV5186	171	173	95	146	218	105	189	151	-9	185
TV5186	171	189	115	154	220	113	207	153	-9	191
TV5187	171	175	93	150	218	105	183	-9	-9	-9
TV5187	183	193	93	150	224	105	191	-9	-9	-9
TV5188	171	189	91	140	214	105	175	165	123	176
TV5188	171	189	99	150	230	121	175	169	140	-9
TV5189	167	187	117	142	222	105	191	165	130	-9
TV5189	171	207	117	146	234	105	207	169	138	196
TV5190	163	187	111	-9	-9	-9	-9	163	126	169
TV5190	165	195	119	-9	-9	-9	-9	165	128	181
TV5191	157	187	117	-9	-9	-9	-9	167	123	-9
TV5191	167	195	119	-9	-9	-9	-9	169	138	189
TV5192	161	187	119	146	220	105	183	151	133	193
TV5192	163	187	121	148	232	105	197	151	144	195
TV5193	169	193	99	142	222	109	175	151	126	179
TV5193	185	195	107	162	234	113	203	161	126	182
TV5194	159	185	95	144	208	105	175	165	134	182
TV5194	159	195	99	160	222	105	183	167	138	195
TV5195	171	197	91	148	230	105	175	-9	123	180
TV5195	181	197	93	158	232	105	175	-9	138	190
TV5196	163	175	99	142	212	105	175	163	123	173
TV5196	167	205	115	152	236	105	207	167	126	193
TV5197	163	173	91	158	214	105	175	169	134	181
TV5197	171	187	121	168	234	105	183	169	152	181
TV5198	145	197	95	146	214	105	175	167	123	180
TV5198	157	197	99	160	218	105	197	167	138	193
TV5199	-9	-9	-9	154	208	105	175	163	123	169
TV5199	-9	-9	-9	162	208	105	183	163	124	187
TV5200	163	189	99	146	212	105	183	163	134	179
TV5200	171	195	121	148	222	113	205	169	140	179
TV5201	159	191	97	144	208	109	175	161	124	182
TV5201	163	203	99	160	234	113	199	167	131	195
TV5202	161	181	97	150	232	105	183	151	140	177
TV5202	163	187	99	162	236	109	207	167	140	193
TV5203	151	187	99	142	222	105	191	151	124	173
TV5203	159	187	115	170	224	105	203	165	140	181
TV5204	145	179	97	150	228	105	203	151	140	170
TV5204	163	195	113	150	234	105	203	175	142	175
TV5205	149	191	99	146	218	101	175	151	123	175
TV5205	165	195	99	162	226	109	197	167	126	179
TV5206	165	197	91	146	204	109	175	163	126	179
TV5206	167	197	111	148	230	109	189	163	126	181
TV5207	169	187	91	148	220	105	183	165	123	177
TV5207	173	187	99	158	230	105	189	169	134	181
TV5208	161	195	99	146	224	101	175	151	123	169
TV5208	163	207	119	146	234	113	189	167	140	195
TV5209	145	187	99	148	212	105	183	151	140	175
TV5209	165	187	99	154	234	121	203	167	142	182
TV5210	147	181	95	154	220	105	175	163	134	169
TV5210	163	209	95	168	234	109	175	163	152	183
TV5211	-9	-9	-9	148	210	109	183	163	127	150
TV5211	-9	-9	-9	158	234	113	203	167	134	183
TV5212	169	177	101	146	216	109	175	151	140	169
TV5212	173	199	115	146	220	109	189	165	140	194
TV5213	159	173	91	150	228	109	175	151	125	179
TV5213	167	195	123	166	230	109	177	161	142	193
TV5214	171	173	99	150	214	109	175	161	123	181
TV5214	171	173	99	150	224	109	-9	169	152	-9
TV5215	-9	-9	-9	148	222	105	189	151	127	150
TV5215	-9	-9	-9	162	224	109	191	169	127	179
TV5216	161	175	99	152	222	105	-9	165	-9	181
TV5216	175	197	119	154	234	109	201	165	-9	182
TV5217	157	177	93	154	212	109	179	165	126	171
TV5217	159	199	121	162	218	109	213	169	142	193
TV5218	175	175	109	150	222	105	175	163	126	150
TV5218	179	193	109	168	224	109	-9	163	156	193
TV5219	167	191	115	158	224	105	175	163	140	191
TV5219	167	197	121	168	226	105	195	169	144	193
TV5220	155	195	119	148	212	109	179	167	128	-9
TV5220	157	199	121	154	226	109	191	169	133	191
TV5221	-9	-9	-9	148	226	105	175	151	127	169
TV5221	-9	-9	-9	162	226	109	191	161	140	195
TV5222	-9	-9	-9	146	222	105	189	161	128	181
TV5222	-9	-9	-9	150	234	109	189	165	144	187
TV5223	171	193	107	146	214	109	175	-9	-9	-9
TV5223	179	193	121	162	226	125	183	-9	-9	-9
TV5224	167	189	117	148	208	105	175	151	127	181
TV5224	171	195	121	168	234	121	179	163	144	195
TV5225	153	-9	109	148	208	109	175	151	134	191
TV5225	179	193	121	150	218	109	179	163	142	195
TV5226	173	195	99	158	214	105	175	151	128	191
TV5226	179	197	109	178	224	125	181	175	138	195
TV5227	161	175	99	150	222	105	-9	163	128	181
TV5227	165	197	111	156	234	105	201	165	156	182
TV5228	159	181	93	146	212	109	179	-9	-9	-9
TV5228	179	199	121	148	226	125	183	-9	-9	-9
TV5229	153	179	109	148	218	109	175	151	142	191
TV5229	157	193	121	150	226	109	179	169	144	195
TV5230	155	193	111	152	222	105	175	161	128	150
TV5230	159	197	121	158	226	105	189	165	129	181
TV5231	169	193	115	154	224	105	175	151	142	150
TV5231	175	199	117	158	226	125	199	151	144	194
TV5232	161	195	111	150	220	105	175	165	128	181
TV5232	169	197	111	162	222	105	189	175	128	194
TV5233	155	191	99	150	220	105	183	163	134	150
TV5233	159	203	109	162	226	105	187	169	140	181
TV5234	171	195	95	152	214	105	179	163	127	189
TV5234	173	207	121	154	222	105	197	167	132	-9
TV5235	167	179	95	148	220	105	179	151	134	173
TV5235	175	205	105	168	222	125	179	151	142	182
TV5236	161	193	119	152	220	105	175	165	126	167
TV5236	179	197	121	178	224	109	189	169	132	181
TV5237	153	173	91	150	208	105	189	151	132	187
TV5237	161	195	95	170	224	109	203	161	142	194
TV5238	161	175	91	150	208	105	-9	151	127	193
TV5238	165	195	99	168	234	105	203	163	142	194
TV5239	159	173	95	148	224	109	-9	161	142	-9
TV5239	161	195	99	170	224	109	-9	167	142	-9
TV5240	153	173	95	150	208	105	189	151	132	187
TV5240	161	179	121	158	214	109	189	151	142	197
TV5241	153	173	93	158	208	109	175	151	127	187
TV5241	173	179	121	162	234	121	175	151	144	187
TV5242	153	179	99	150	220	105	175	151	127	175
TV5242	167	195	111	162	234	105	183	169	140	187
TV5243	165	173	93	162	208	105	175	163	140	175
TV5243	173	207	93	168	214	105	187	167	144	187
TV5244	169	173	91	162	224	109	175	163	142	187
TV5244	169	189	99	168	226	121	189	169	144	195
TV5245	161	-9	-9	154	214	105	179	165	128	175
TV5245	173	-9	-9	160	222	105	183	167	134	179
TV5246	173	173	93	150	-9	105	175	163	129	186
TV5246	173	177	93	158	-9	109	195	167	142	187
TV5247	161	179	95	148	222	105	183	165	129	150
TV5247	171	195	95	148	226	105	189	175	142	182
TV5248	-9	-9	-9	146	220	109	179	151	123	173
TV5248	-9	-9	-9	168	220	125	179	181	123	194
TV5249	157	195	99	146	224	105	177	163	134	188
TV5249	157	195	99	148	230	113	179	165	142	195
TV5250	151	195	105	148	220	105	175	151	134	173
TV5250	163	205	115	152	224	125	193	163	162	181
TV5251	157	177	95	148	216	109	177	161	134	188
TV5251	157	195	99	154	230	109	177	161	158	195
TV5252	169	205	105	154	218	105	181	151	123	181
TV5252	169	205	111	160	218	109	205	151	134	183
TV5253	149	173	99	148	226	109	175	167	123	150
TV5253	159	177	109	152	226	125	179	169	138	173
TV5254	157	177	99	148	218	109	177	151	126	181
TV5254	169	205	109	154	230	109	181	151	134	189
TV5255	157	195	99	154	218	109	177	161	126	179
TV5255	161	205	111	160	230	109	179	167	129	188
TV5256	163	173	105	148	218	105	175	151	140	173
TV5256	171	205	109	168	220	109	197	167	162	173
TV5257	157	177	95	148	220	109	179	151	134	173
TV5257	175	205	105	168	224	109	179	161	134	195
TV5258	157	187	99	154	224	109	175	151	123	173
TV5258	169	205	105	168	230	109	175	165	142	173
TV5259	149	177	99	146	224	105	175	167	127	173
TV5259	159	181	113	152	226	105	211	169	152	175
TV5260	149	189	99	150	224	105	175	165	125	173
TV5260	175	197	99	170	234	125	201	167	134	185
TV5261	169	187	91	172	234	105	167	165	134	173
TV5261	171	197	123	176	240	105	199	165	142	189
TV5262	159	181	101	146	224	105	199	151	124	175
TV5262	165	197	113	150	226	113	211	169	127	179
TV5263	165	-9	-9	150	220	109	189	151	124	175
TV5263	171	-9	-9	150	226	113	197	165	142	179
TV5264	-9	-9	-9	150	226	105	189	151	134	175
TV5264	-9	-9	-9	150	242	109	197	165	142	179
TV5265	-9	-9	-9	142	238	113	183	163	129	185
TV5265	-9	-9	-9	170	242	125	183	163	140	186
TV5266	155	197	111	142	208	105	187	153	132	181
TV5266	169	197	115	144	220	113	191	165	132	183
TV5267	159	-9	-9	150	214	105	179	151	125	161
TV5267	165	-9	-9	152	222	113	191	153	126	-9
TV5268	157	175	99	148	226	105	175	151	126	171
TV5268	163	205	99	170	236	121	213	167	138	195
TV5269	165	173	99	142	220	105	175	163	126	183
TV5269	175	193	109	176	222	109	195	163	134	189
TV5270	167	173	99	144	224	105	195	165	134	179
TV5270	169	195	123	176	234	109	209	165	142	181
TV5271	145	-9	-9	154	224	109	175	153	126	179
TV5271	171	-9	-9	168	226	121	197	161	138	189
TV5272	163	-9	-9	160	232	109	175	167	132	177
TV5272	169	-9	-9	162	234	121	191	167	142	199
TV5273	149	179	109	150	218	109	183	151	126	169
TV5273	195	197	109	158	224	109	189	169	126	181
TV5274	155	197	107	158	220	105	167	165	132	181
TV5274	175	197	123	176	220	105	195	165	134	181
TV5275	139	187	99	130	224	105	175	161	123	169
TV5275	165	197	105	150	224	109	175	167	138	170
TV5276	173	181	95	-9	-9	-9	-9	163	132	167
TV5276	177	197	99	-9	-9	-9	-9	165	144	192
TV5277	165	195	-9	150	218	109	175	151	140	171
TV5277	171	195	-9	162	222	109	175	167	142	175
TV5278	149	187	99	146	214	109	187	153	126	189
TV5278	175	197	99	170	214	121	197	167	134	208
TV5279	175	193	107	158	220	105	167	165	132	181
TV5279	181	197	107	170	226	109	215	165	156	181
TV5280	169	173	99	142	220	105	167	151	132	181
TV5280	175	197	115	158	220	105	195	163	134	181
TV5281	169	195	99	154	222	105	173	161	136	181
TV5281	171	195	121	176	224	109	187	165	144	185
TV5282	159	187	99	154	220	109	173	-9	-9	-9
TV5282	169	195	121	160	224	109	199	-9	-9	-9
TV5283	149	173	95	150	220	109	189	-9	-9	-9
TV5283	171	177	109	154	220	121	189	-9	-9	-9
TV5284	165	175	99	160	222	125	175	161	134	161
TV5284	165	185	99	170	234	125	183	167	166	179
TV5285	161	203	99	150	216	113	179	163	129	169
TV5285	163	207	111	170	218	125	183	165	132	183
TV5286	-9	-9	-9	146	218	105	189	151	136	179
TV5286	-9	-9	-9	154	226	125	191	169	140	181
TV5287	171	179	95	150	218	105	183	163	138	181
TV5287	171	197	115	160	238	105	189	165	158	185
TV5288	171	177	97	152	226	105	181	163	125	175
TV5288	175	193	115	160	238	105	191	163	129	185
TV5289	145	187	99	162	208	105	-9	161	134	192
TV5289	175	193	119	164	212	105	199	167	134	193
TV5290	171	173	95	150	224	109	175	165	126	161
TV5290	179	175	95	168	224	109	179	167	140	187
TV5291	149	189	91	158	212	105	189	151	132	181
TV5291	175	195	107	172	240	105	199	163	142	189
TV5292	161	173	99	152	222	105	181	151	126	175
TV5292	171	195	99	154	226	113	207	165	138	189
TV5293	157	173	99	152	230	121	179	165	129	169
TV5293	157	177	115	154	232	121	197	165	140	173
TV5294	171	173	99	130	208	105	195	163	126	185
TV5294	175	173	99	146	226	105	199	169	142	189
TV5295	149	173	99	148	208	105	175	163	138	186
TV5295	167	185	115	170	228	109	179	163	138	195
TV5296	159	173	95	142	210	105	175	163	127	179
TV5296	171	175	97	150	224	109	191	165	134	179
TV5297	161	173	109	146	208	109	183	163	126	175
TV5297	165	191	109	152	216	109	183	169	126	196
TV5298	157	183	109	138	210	109	175	165	126	181
TV5298	161	195	109	154	224	109	179	167	129	189
TV5299	161	187	99	154	220	105	177	149	132	185
TV5299	167	187	99	154	228	109	199	149	140	192
TV5300	149	173	97	146	222	109	189	151	125	175
TV5300	169	197	97	154	226	125	191	169	126	181
TV5301	145	173	91	142	208	113	179	163	125	187
TV5301	165	195	99	150	228	113	189	163	142	191
TV5302	173	173	111	142	208	101	167	-9	-9	-9
TV5302	175	197	111	152	216	105	175	-9	-9	-9
TV5303	151	189	99	162	220	105	179	165	134	175
TV5303	171	189	99	168	224	109	183	169	148	179
TV5304	173	175	111	160	222	101	167	165	129	187
TV5304	175	177	113	168	228	109	191	169	148	196
TV5305	151	187	99	154	214	109	175	169	129	179
TV5305	169	195	99	166	224	109	183	169	133	182
TV5306	149	193	99	142	224	105	187	151	144	175
TV5306	177	195	99	146	224	105	189	165	186	187
TV5307	149	177	111	146	210	105	191	151	129	175
TV5307	175	195	111	162	224	109	211	163	138	179
TV5308	-9	-9	-9	154	222	105	183	151	129	177
TV5308	-9	-9	-9	170	222	125	191	165	132	182
TV5309	-9	-9	-9	148	220	105	183	163	128	167
TV5309	-9	-9	-9	162	226	105	189	169	144	191
TV5310	149	175	99	150	224	105	185	151	129	175
TV5310	181	175	99	162	224	109	187	151	138	189
TV5311	171	189	99	146	214	105	183	165	134	175
TV5311	171	189	99	168	220	109	-9	169	144	183
TV5312	169	187	99	152	222	105	187	165	133	179
TV5312	171	193	99	152	224	105	187	169	140	187
TV5313	167	-9	99	146	210	105	189	169	130	187
TV5313	169	-9	111	152	242	105	205	179	133	190
