        40         5        40        40  2  0  0  1
         1         2         3         4         5         6         7         8         9        10
        11        12
 0.1000000 0.0600000 0.0350000 0.0700000 0.0700000 0.1400000 0.1500000 0.0550000 0.0550000 0.0250000
 0.1350000 0.1050000
         1         2         3         4         5         6         7         8         9        10
        11        12        13
 0.0550000 0.1000000 0.0950000 0.0400000 0.0300000 0.0550000 0.0600000 0.0950000 0.1050000 0.0800000
 0.1250000 0.0900000 0.0700000
         1         2         3         4         5         6         7         8         9        10
        11        12        13        14
 0.0350000 0.0350000 0.1150000 0.0900000 0.0550000 0.1100000 0.0800000 0.0200000 0.0400000 0.1150000
 0.0550000 0.1000000 0.1100000 0.0400000
         1         2         3         4         5         6         7         8         9        10
        11        12        13        14        15
 0.0800000 0.0650000 0.0600000 0.0300000 0.1250000 0.0800000 0.0500000 0.0600000 0.0900000 0.0650000
 0.1250000 0.0700000 0.0500000 0.0200000 0.0300000
         1         2         3         4         5         6         7         8         9        10
        11        12        13        14        15        16
 0.0900000 0.1500000 0.0200000 0.0500000 0.0550000 0.0750000 0.0850000 0.0650000 0.0600000 0.1000000
 0.0400000 0.0550000 0.0300000 0.0400000 0.0200000 0.0650000
 0 0 0 0 0
 0 0 0 0 0
 0.0001000 0.0001000 0.0001000 0.0001000 0.0001000
 0.5000000 0.5000000        30        30
         3
1,33,34,
2,1,1,
         0
         5
7,21,23,25,39,
2,2,1,1,2,
         6
11,12,15,19,20,27,
2,2,1,2,1,2,
3
3,5,7,
1
9,
3
3,5,7,
