Software Version            : FRANz 1.2.3
Dataset                     : TESTTREES
Time of Data Analysis       : Fri Mar 10 14:52:50 2023


*** Locus 1 ***

 +--------+--------+------------+------------+------------+--------------------------+
 | Allele |  Count | Heterozyg. |   Homozyg. |  Frequency | Frequency (Null Alleles) |
 +--------+--------+------------+------------+------------+--------------------------+
 |    137 |      7 |          7 |          0 |    0.00954 |                  0.00954 |
 |    139 |      1 |          1 |          0 |    0.00136 |                  0.00136 |
 |    141 |      1 |          1 |          0 |    0.00136 |                  0.00136 |
 |    143 |     10 |         10 |          0 |    0.01362 |                  0.01362 |
 |    145 |     18 |         18 |          0 |    0.02452 |                  0.02452 |
 |    147 |      2 |          2 |          0 |    0.00272 |                  0.00272 |
 |    149 |     34 |         32 |          1 |    0.04632 |                  0.04632 |
 |    151 |     20 |         20 |          0 |    0.02725 |                  0.02725 |
 |    153 |     20 |         20 |          0 |    0.02725 |                  0.02725 |
 |    155 |     21 |         19 |          1 |    0.02861 |                  0.02861 |
 |    157 |     82 |         72 |          5 |    0.11172 |                  0.11172 |
 |    159 |     75 |         73 |          1 |    0.10218 |                  0.10218 |
 |    161 |     34 |         32 |          1 |    0.04632 |                  0.04632 |
 |    163 |     75 |         63 |          6 |    0.10218 |                  0.10218 |
 |    165 |     36 |         32 |          2 |    0.04905 |                  0.04905 |
 |    167 |     45 |         45 |          0 |    0.06131 |                  0.06131 |
 |    169 |     67 |         65 |          1 |    0.09128 |                  0.09128 |
 |    171 |     58 |         46 |          6 |    0.07902 |                  0.07902 |
 |    173 |     26 |         26 |          0 |    0.03542 |                  0.03542 |
 |    175 |     25 |         25 |          0 |    0.03406 |                  0.03406 |
 |    177 |     23 |         21 |          1 |    0.03134 |                  0.03134 |
 |    179 |     33 |         33 |          0 |    0.04496 |                  0.04496 |
 |    181 |     10 |         10 |          0 |    0.01362 |                  0.01362 |
 |    183 |      5 |          5 |          0 |    0.00681 |                  0.00681 |
 |    185 |      4 |          4 |          0 |    0.00545 |                  0.00545 |
 |    187 |      1 |          1 |          0 |    0.00136 |                  0.00136 |
 |    193 |      1 |          1 |          0 |    0.00136 |                  0.00136 |
 +--------+--------+------------+------------+------------+--------------------------+
   TOTAL:      734          684           25

Observed Heterozygosity     : 0.9319
Expected Heterozygosity     : 0.9340
Hardy-Weinberg Test
   p-Value                  : 0.0395
   Standard Error           : 0.0054
Estimated Null Allele Freq. : 0.0000
Estimated Genotyping Failure: 0.0468 (18 untyped)
Polymorphic Inform. Content : 0.9287

Exclusion probability when 1 to 7 fullsibs are genotyped
  First Parent              : 0.7608859  0.8519804  0.9328492  0.9608049  0.9629972  0.9630437  0.9630441 
  Second Parent             : 0.8640537  0.9232887  0.9663383  0.9800278  0.9812315  0.9812741  0.9812745 
  Parent Pair               : 0.9687521  0.9895079  0.9978583  0.9992175  0.9992977  0.9992995  0.9992995 

Probability of identity
  2 unrelated individuals   : 0.0085961
  Siblings                  : 0.2857671

Sibship exclusion probability
  3 unrelated individuals   : 0.8991934
  4 unrelated individuals   : 0.9938731


*** Locus 2 ***

 +--------+--------+------------+------------+------------+--------------------------+
 | Allele |  Count | Heterozyg. |   Homozyg. |  Frequency | Frequency (Null Alleles) |
 +--------+--------+------------+------------+------------+--------------------------+
 |    173 |     51 |         41 |          4 |    0.07249 |                  0.06885 |
 |    175 |     44 |         36 |          4 |    0.06509 |                  0.06130 |
 |    177 |     16 |         15 |          0 |    0.02219 |                  0.02214 |
 |    179 |     14 |         14 |          0 |    0.02071 |                  0.02066 |
 |    181 |     27 |         27 |          0 |    0.03994 |                  0.03985 |
 |    183 |     28 |         24 |          2 |    0.04142 |                  0.03921 |
 |    185 |     93 |         65 |         11 |    0.12870 |                  0.12114 |
 |    187 |     45 |         33 |          6 |    0.06657 |                  0.06095 |
 |    189 |     35 |         35 |          0 |    0.05178 |                  0.05165 |
 |    191 |     30 |         26 |          2 |    0.04438 |                  0.04221 |
 |    193 |     41 |         36 |          2 |    0.05917 |                  0.05717 |
 |    195 |     87 |         69 |          8 |    0.12574 |                  0.12014 |
 |    197 |    104 |         72 |         14 |    0.14793 |                  0.13904 |
 |    199 |     21 |         17 |          2 |    0.03107 |                  0.02871 |
 |    203 |      9 |          8 |          0 |    0.01183 |                  0.01181 |
 |    205 |     27 |         24 |          1 |    0.03846 |                  0.03730 |
 |    207 |     20 |         14 |          3 |    0.02959 |                  0.02602 |
 |    209 |      1 |          1 |          0 |    0.00148 |                  0.00148 |
 |    211 |      1 |          1 |          0 |    0.00148 |                  0.00148 |
 +--------+--------+------------+------------+------------+--------------------------+
   TOTAL:      694          558           59

Observed Heterozygosity     : 0.8254
Expected Heterozygosity     : 0.9173
Hardy-Weinberg Test
   p-Value                  : 0.0000
   Standard Error           : 0.0000
Estimated Null Allele Freq. : 0.0489
Estimated Genotyping Failure: 0.0768 (29 untyped)
Polymorphic Inform. Content : 0.9100

Exclusion probability when 1 to 7 fullsibs are genotyped
  First Parent              : 0.7107542  0.8132148  0.9073742  0.9406829  0.9434706  0.9435481  0.9435488 
  Second Parent             : 0.8308807  0.9015474  0.9528791  0.9694674  0.9710886  0.9711615  0.9711622 
  Parent Pair               : 0.9535093  0.9832616  0.9959050  0.9982051  0.9983597  0.9983641  0.9983642 

Probability of identity
  2 unrelated individuals   : 0.0131149
  Siblings                  : 0.2952680

Sibship exclusion probability
  3 unrelated individuals   : 0.8555642
  4 unrelated individuals   : 0.9868671


*** Locus 3 ***

 +--------+--------+------------+------------+------------+--------------------------+
 | Allele |  Count | Heterozyg. |   Homozyg. |  Frequency | Frequency (Null Alleles) |
 +--------+--------+------------+------------+------------+--------------------------+
 |     91 |     19 |         15 |          2 |    0.02714 |                  0.02402 |
 |     93 |     19 |         15 |          2 |    0.02714 |                  0.02402 |
 |     95 |     60 |         40 |         10 |    0.08571 |                  0.07286 |
 |     97 |     46 |         30 |          8 |    0.06571 |                  0.05502 |
 |     99 |    224 |        116 |         54 |    0.32000 |                  0.27523 |
 |    101 |     17 |          9 |          4 |    0.02429 |                  0.01854 |
 |    103 |      1 |          1 |          0 |    0.00143 |                  0.00140 |
 |    105 |     14 |         10 |          2 |    0.02000 |                  0.01696 |
 |    107 |     45 |         29 |          8 |    0.06429 |                  0.05358 |
 |    109 |     38 |         26 |          6 |    0.05429 |                  0.04597 |
 |    110 |      1 |          1 |          0 |    0.00143 |                  0.00140 |
 |    111 |     72 |         46 |         13 |    0.10286 |                  0.08686 |
 |    113 |     25 |         23 |          1 |    0.03571 |                  0.03375 |
 |    114 |      2 |          0 |          1 |    0.00286 |                  0.00141 |
 |    115 |     37 |         26 |          5 |    0.05143 |                  0.04434 |
 |    117 |     16 |         12 |          2 |    0.02286 |                  0.01978 |
 |    119 |     20 |         20 |          0 |    0.02857 |                  0.02800 |
 |    121 |     25 |         19 |          3 |    0.03571 |                  0.03121 |
 |    122 |      1 |          1 |          0 |    0.00143 |                  0.00140 |
 |    123 |     14 |         10 |          2 |    0.02000 |                  0.01696 |
 |    125 |      5 |          3 |          1 |    0.00714 |                  0.00563 |
 +--------+--------+------------+------------+------------+--------------------------+
   TOTAL:      701          452          124

Observed Heterozygosity     : 0.6457
Expected Heterozygosity     : 0.8600
Hardy-Weinberg Test
   p-Value                  : 0.0000
   Standard Error           : 0.0000
Estimated Null Allele Freq. : 0.1417
Estimated Genotyping Failure: 0.0699 (34 untyped)
Polymorphic Inform. Content : 0.8496

Exclusion probability when 1 to 7 fullsibs are genotyped
  First Parent              : 0.5851037  0.6939201  0.8064409  0.8486473  0.8525467  0.8526895  0.8526908 
  Second Parent             : 0.7396268  0.8299087  0.8964099  0.9185893  0.9210636  0.9212008  0.9212022 
  Parent Pair               : 0.9092920  0.9597191  0.9845283  0.9901488  0.9905800  0.9905939  0.9905940 

Probability of identity
  2 unrelated individuals   : 0.0290722
  Siblings                  : 0.3278836

Sibship exclusion probability
  3 unrelated individuals   : 0.7485561
  4 unrelated individuals   : 0.9499396


*** Locus 4 ***

 +--------+--------+------------+------------+------------+--------------------------+
 | Allele |  Count | Heterozyg. |   Homozyg. |  Frequency | Frequency (Null Alleles) |
 +--------+--------+------------+------------+------------+--------------------------+
 |    130 |      2 |          2 |          0 |    0.00276 |                  0.00276 |
 |    136 |      2 |          2 |          0 |    0.00276 |                  0.00276 |
 |    138 |     14 |         14 |          0 |    0.01934 |                  0.01934 |
 |    140 |      3 |          3 |          0 |    0.00414 |                  0.00414 |
 |    142 |     82 |         70 |          6 |    0.11326 |                  0.11220 |
 |    144 |     25 |         23 |          1 |    0.03453 |                  0.03408 |
 |    146 |     75 |         70 |          2 |    0.10221 |                  0.10182 |
 |    148 |     81 |         67 |          7 |    0.11188 |                  0.11063 |
 |    150 |    127 |         97 |         15 |    0.17541 |                  0.17362 |
 |    152 |     55 |         47 |          4 |    0.07597 |                  0.07497 |
 |    154 |     65 |         59 |          3 |    0.08978 |                  0.08913 |
 |    156 |      4 |          4 |          0 |    0.00552 |                  0.00552 |
 |    158 |     26 |         24 |          1 |    0.03591 |                  0.03547 |
 |    160 |     34 |         32 |          1 |    0.04696 |                  0.04660 |
 |    162 |     29 |         27 |          1 |    0.04006 |                  0.03965 |
 |    164 |     12 |         12 |          0 |    0.01657 |                  0.01657 |
 |    166 |      7 |          7 |          0 |    0.00967 |                  0.00967 |
 |    168 |     35 |         35 |          0 |    0.04834 |                  0.04834 |
 |    170 |     33 |         31 |          1 |    0.04558 |                  0.04521 |
 |    172 |      4 |          4 |          0 |    0.00552 |                  0.00552 |
 |    174 |      1 |          1 |          0 |    0.00138 |                  0.00138 |
 |    176 |      1 |          1 |          0 |    0.00138 |                  0.00138 |
 |    178 |      8 |          8 |          0 |    0.01105 |                  0.01105 |
 +--------+--------+------------+------------+------------+--------------------------+
   TOTAL:      725          640           42

Observed Heterozygosity     : 0.8840
Expected Heterozygosity     : 0.9092
Hardy-Weinberg Test
   p-Value                  : 0.0000
   Standard Error           : 0.0000
Estimated Null Allele Freq. : 0.0082
Estimated Genotyping Failure: 0.0572 (22 untyped)
Polymorphic Inform. Content : 0.9010

Exclusion probability when 1 to 7 fullsibs are genotyped
  First Parent              : 0.6880519  0.7946574  0.8942055  0.9298095  0.9328878  0.9329831  0.9329840 
  Second Parent             : 0.8152367  0.8908343  0.9457777  0.9636900  0.9655302  0.9656206  0.9656215 
  Parent Pair               : 0.9454972  0.9797320  0.9946496  0.9974913  0.9976925  0.9976989  0.9976989 

Probability of identity
  2 unrelated individuals   : 0.0155506
  Siblings                  : 0.2998939

Sibship exclusion probability
  3 unrelated individuals   : 0.8336748
  4 unrelated individuals   : 0.9821774


*** Locus 5 ***

 +--------+--------+------------+------------+------------+--------------------------+
 | Allele |  Count | Heterozyg. |   Homozyg. |  Frequency | Frequency (Null Alleles) |
 +--------+--------+------------+------------+------------+--------------------------+
 |    204 |      1 |          1 |          0 |    0.00140 |                  0.00140 |
 |    208 |     82 |         72 |          5 |    0.11453 |                  0.11421 |
 |    210 |     27 |         25 |          1 |    0.03771 |                  0.03753 |
 |    212 |     21 |         18 |          1 |    0.02793 |                  0.02770 |
 |    214 |     58 |         53 |          2 |    0.07961 |                  0.07943 |
 |    216 |     16 |         16 |          0 |    0.02235 |                  0.02235 |
 |    218 |     43 |         41 |          1 |    0.06006 |                  0.05994 |
 |    220 |     78 |         64 |          7 |    0.10894 |                  0.10847 |
 |    222 |     50 |         46 |          2 |    0.06983 |                  0.06963 |
 |    224 |     98 |         84 |          7 |    0.13687 |                  0.13650 |
 |    226 |     52 |         48 |          2 |    0.07263 |                  0.07243 |
 |    228 |     47 |         45 |          1 |    0.06564 |                  0.06554 |
 |    230 |     17 |         17 |          0 |    0.02374 |                  0.02374 |
 |    232 |     20 |         20 |          0 |    0.02793 |                  0.02793 |
 |    234 |     59 |         51 |          4 |    0.08240 |                  0.08205 |
 |    236 |     17 |         17 |          0 |    0.02374 |                  0.02374 |
 |    238 |     13 |         13 |          0 |    0.01816 |                  0.01816 |
 |    240 |     11 |         11 |          0 |    0.01536 |                  0.01536 |
 |    242 |      5 |          5 |          0 |    0.00698 |                  0.00698 |
 |    244 |      1 |          1 |          0 |    0.00140 |                  0.00140 |
 |    246 |      1 |          1 |          0 |    0.00140 |                  0.00140 |
 |    248 |      1 |          1 |          0 |    0.00140 |                  0.00140 |
 +--------+--------+------------+------------+------------+--------------------------+
   TOTAL:      718          650           33

Observed Heterozygosity     : 0.9078
Expected Heterozygosity     : 0.9211
Hardy-Weinberg Test
   p-Value                  : 0.1418
   Standard Error           : 0.0093
Estimated Null Allele Freq. : 0.0027
Estimated Genotyping Failure: 0.0653 (25 untyped)
Polymorphic Inform. Content : 0.9143

Exclusion probability when 1 to 7 fullsibs are genotyped
  First Parent              : 0.7209248  0.8220050  0.9139942  0.9463464  0.9490180  0.9490888  0.9490894 
  Second Parent             : 0.8379193  0.9065984  0.9564384  0.9724815  0.9740172  0.9740835  0.9740842 
  Parent Pair               : 0.9566653  0.9847163  0.9964529  0.9985239  0.9986578  0.9986613  0.9986614 

Probability of identity
  2 unrelated individuals   : 0.0121007
  Siblings                  : 0.2930738

Sibship exclusion probability
  3 unrelated individuals   : 0.8637451
  4 unrelated individuals   : 0.9888011


*** Locus 6 ***

 +--------+--------+------------+------------+------------+--------------------------+
 | Allele |  Count | Heterozyg. |   Homozyg. |  Frequency | Frequency (Null Alleles) |
 +--------+--------+------------+------------+------------+--------------------------+
 |    101 |      9 |          7 |          1 |    0.01226 |                  0.01086 |
 |    105 |    372 |        156 |        108 |    0.50681 |                  0.45777 |
 |    109 |    172 |        106 |         33 |    0.23433 |                  0.21042 |
 |    113 |     23 |         21 |          1 |    0.03134 |                  0.02985 |
 |    117 |     12 |         12 |          0 |    0.01635 |                  0.01619 |
 |    121 |    118 |         70 |         24 |    0.16076 |                  0.14021 |
 |    125 |     28 |         24 |          2 |    0.03815 |                  0.03548 |
 +--------+--------+------------+------------+------------+--------------------------+
   TOTAL:      734          396          169

Observed Heterozygosity     : 0.5395
Expected Heterozygosity     : 0.6604
Hardy-Weinberg Test
   p-Value                  : 0.0000
   Standard Error           : 0.0000
Estimated Null Allele Freq. : 0.0992
Estimated Genotyping Failure: 0.0373 (18 untyped)
Polymorphic Inform. Content : 0.6133

Exclusion probability when 1 to 7 fullsibs are genotyped
  First Parent              : 0.2501484  0.3373741  0.4381097  0.4860542  0.4957432  0.4965933  0.4966018 
  Second Parent             : 0.4215335  0.5385221  0.6320805  0.6725966  0.6817049  0.6825527  0.6825612 
  Parent Pair               : 0.6074835  0.7324630  0.8154263  0.8440121  0.8487198  0.8490988  0.8491026 

Probability of identity
  2 unrelated individuals   : 0.1624483
  Siblings                  : 0.4607788

Sibship exclusion probability
  3 unrelated individuals   : 0.2243479
  4 unrelated individuals   : 0.4631764


*** Locus 7 ***

 +--------+--------+------------+------------+------------+--------------------------+
 | Allele |  Count | Heterozyg. |   Homozyg. |  Frequency | Frequency (Null Alleles) |
 +--------+--------+------------+------------+------------+--------------------------+
 |    167 |     10 |         10 |          0 |    0.01497 |                  0.01489 |
 |    169 |      3 |          3 |          0 |    0.00449 |                  0.00447 |
 |    173 |     17 |         12 |          2 |    0.02395 |                  0.02122 |
 |    175 |    236 |        121 |         53 |    0.33982 |                  0.31255 |
 |    177 |      4 |          4 |          0 |    0.00599 |                  0.00596 |
 |    179 |     19 |         15 |          1 |    0.02545 |                  0.02403 |
 |    181 |      3 |          1 |          1 |    0.00449 |                  0.00301 |
 |    183 |     92 |         65 |         11 |    0.13024 |                  0.12049 |
 |    185 |      8 |          6 |          1 |    0.01198 |                  0.01052 |
 |    187 |     39 |         27 |          6 |    0.05838 |                  0.05143 |
 |    189 |     61 |         43 |          9 |    0.09132 |                  0.08219 |
 |    191 |     15 |         13 |          1 |    0.02246 |                  0.02103 |
 |    193 |      9 |          7 |          1 |    0.01347 |                  0.01202 |
 |    195 |     13 |         11 |          1 |    0.01946 |                  0.01803 |
 |    197 |     47 |         42 |          2 |    0.06886 |                  0.06643 |
 |    199 |     29 |         21 |          3 |    0.04042 |                  0.03661 |
 |    201 |     16 |         12 |          2 |    0.02395 |                  0.02122 |
 |    203 |     11 |         11 |          0 |    0.01647 |                  0.01638 |
 |    205 |      8 |          8 |          0 |    0.01198 |                  0.01191 |
 |    207 |      2 |          2 |          0 |    0.00299 |                  0.00298 |
 |    211 |     36 |         33 |          0 |    0.04940 |                  0.04913 |
 |    213 |      7 |          7 |          0 |    0.01048 |                  0.01042 |
 |    215 |      4 |          4 |          0 |    0.00599 |                  0.00596 |
 |    219 |      1 |          1 |          0 |    0.00150 |                  0.00149 |
 |    225 |      1 |          1 |          0 |    0.00150 |                  0.00149 |
 +--------+--------+------------+------------+------------+--------------------------+
   TOTAL:      691          480           94

Observed Heterozygosity     : 0.7186
Expected Heterozygosity     : 0.8444
Hardy-Weinberg Test
   p-Value                  : 0.0000
   Standard Error           : 0.0000
Estimated Null Allele Freq. : 0.0742
Estimated Genotyping Failure: 0.0697 (27 untyped)
Polymorphic Inform. Content : 0.8322

Exclusion probability when 1 to 7 fullsibs are genotyped
  First Parent              : 0.5525001  0.6619988  0.7777662  0.8218363  0.8260974  0.8262708  0.8262725 
  Second Parent             : 0.7139962  0.8090031  0.8792496  0.9030032  0.9058125  0.9059802  0.9059819 
  Parent Pair               : 0.8927745  0.9500561  0.9791728  0.9860932  0.9866708  0.9866933  0.9866935 

Probability of identity
  2 unrelated individuals   : 0.0353763
  Siblings                  : 0.3373120

Sibship exclusion probability
  3 unrelated individuals   : 0.7120336
  4 unrelated individuals   : 0.9314507


*** Locus 8 ***

 +--------+--------+------------+------------+------------+--------------------------+
 | Allele |  Count | Heterozyg. |   Homozyg. |  Frequency | Frequency (Null Alleles) |
 +--------+--------+------------+------------+------------+--------------------------+
 |    149 |      6 |          6 |          0 |    0.00833 |                  0.00832 |
 |    150 |      2 |          2 |          0 |    0.00278 |                  0.00277 |
 |    151 |    190 |        134 |         28 |    0.26389 |                  0.25421 |
 |    153 |     23 |         23 |          0 |    0.03194 |                  0.03189 |
 |    159 |      6 |          6 |          0 |    0.00833 |                  0.00832 |
 |    161 |     61 |         55 |          2 |    0.08194 |                  0.08044 |
 |    163 |    141 |        111 |         15 |    0.19583 |                  0.18937 |
 |    165 |     71 |         55 |          8 |    0.09861 |                  0.09335 |
 |    166 |      2 |          0 |          1 |    0.00278 |                  0.00141 |
 |    167 |    118 |         86 |         15 |    0.16111 |                  0.15376 |
 |    169 |     80 |         54 |         13 |    0.11111 |                  0.10308 |
 |    171 |      3 |          3 |          0 |    0.00417 |                  0.00416 |
 |    173 |      2 |          2 |          0 |    0.00278 |                  0.00277 |
 |    175 |     12 |         12 |          0 |    0.01667 |                  0.01664 |
 |    177 |      5 |          5 |          0 |    0.00694 |                  0.00693 |
 |    179 |      1 |          1 |          0 |    0.00139 |                  0.00139 |
 |    183 |      1 |          1 |          0 |    0.00139 |                  0.00139 |
 +--------+--------+------------+------------+------------+--------------------------+
   TOTAL:      724          556           82

Observed Heterozygosity     : 0.7722
Expected Heterozygosity     : 0.8369
Hardy-Weinberg Test
   p-Value                  : 0.0000
   Standard Error           : 0.0000
Estimated Null Allele Freq. : 0.0398
Estimated Genotyping Failure: 0.0536 (21 untyped)
Polymorphic Inform. Content : 0.8160

Exclusion probability when 1 to 7 fullsibs are genotyped
  First Parent              : 0.5070181  0.6312618  0.7600351  0.8107077  0.8167833  0.8171377  0.8171412 
  Second Parent             : 0.6762193  0.7862004  0.8675955  0.8970145  0.9015701  0.9019185  0.9019219 
  Parent Pair               : 0.8507563  0.9291621  0.9702302  0.9807038  0.9818195  0.9818838  0.9818845 

Probability of identity
  2 unrelated individuals   : 0.0469302
  Siblings                  : 0.3437984

Sibship exclusion probability
  3 unrelated individuals   : 0.6064910
  4 unrelated individuals   : 0.8896007


*** Locus 9 ***

 +--------+--------+------------+------------+------------+--------------------------+
 | Allele |  Count | Heterozyg. |   Homozyg. |  Frequency | Frequency (Null Alleles) |
 +--------+--------+------------+------------+------------+--------------------------+
 |      5 |      1 |          1 |          0 |    0.00139 |                  0.00136 |
 |    122 |      1 |          1 |          0 |    0.00139 |                  0.00136 |
 |    123 |     28 |         18 |          5 |    0.03878 |                  0.03213 |
 |    124 |     56 |         44 |          6 |    0.07756 |                  0.06996 |
 |    125 |     22 |         14 |          4 |    0.03047 |                  0.02504 |
 |    126 |     67 |         35 |         16 |    0.09280 |                  0.07454 |
 |    127 |     19 |         16 |          1 |    0.02493 |                  0.02329 |
 |    128 |     18 |         18 |          0 |    0.02493 |                  0.02454 |
 |    129 |     29 |         23 |          3 |    0.04017 |                  0.03596 |
 |    130 |      2 |          0 |          1 |    0.00277 |                  0.00137 |
 |    131 |      4 |          4 |          0 |    0.00554 |                  0.00545 |
 |    132 |     41 |         31 |          5 |    0.05679 |                  0.05022 |
 |    133 |     17 |         15 |          1 |    0.02355 |                  0.02192 |
 |    134 |     47 |         23 |         12 |    0.06510 |                  0.05047 |
 |    136 |      1 |          1 |          0 |    0.00139 |                  0.00136 |
 |    138 |    141 |         83 |         29 |    0.19529 |                  0.16862 |
 |    140 |     65 |         47 |          9 |    0.09003 |                  0.07930 |
 |    142 |     67 |         57 |          5 |    0.09280 |                  0.08628 |
 |    144 |     42 |         26 |          8 |    0.05817 |                  0.04812 |
 |    146 |      4 |          4 |          0 |    0.00554 |                  0.00545 |
 |    148 |      8 |          8 |          0 |    0.01108 |                  0.01091 |
 |    152 |      3 |          3 |          0 |    0.00416 |                  0.00409 |
 |    154 |      1 |          1 |          0 |    0.00139 |                  0.00136 |
 |    156 |     12 |         12 |          0 |    0.01662 |                  0.01636 |
 |    158 |      1 |          1 |          0 |    0.00139 |                  0.00136 |
 |    160 |      1 |          1 |          0 |    0.00139 |                  0.00136 |
 |    164 |      6 |          6 |          0 |    0.00831 |                  0.00818 |
 |    170 |      2 |          2 |          0 |    0.00277 |                  0.00273 |
 |    174 |      5 |          3 |          1 |    0.00693 |                  0.00548 |
 |    186 |     12 |         12 |          0 |    0.01662 |                  0.01636 |
 +--------+--------+------------+------------+------------+--------------------------+
   TOTAL:      723          510          106

Observed Heterozygosity     : 0.7064
Expected Heterozygosity     : 0.9142
Hardy-Weinberg Test
   p-Value                  : 0.0000
   Standard Error           : 0.0000
Estimated Null Allele Freq. : 0.1250
Estimated Genotyping Failure: 0.0450 (23 untyped)
Polymorphic Inform. Content : 0.9071

Exclusion probability when 1 to 7 fullsibs are genotyped
  First Parent              : 0.7060525  0.8070997  0.9011613  0.9346021  0.9373973  0.9374743  0.9374750 
  Second Parent             : 0.8272807  0.8980120  0.9495240  0.9661854  0.9678076  0.9678800  0.9678807 
  Parent Pair               : 0.9529299  0.9826802  0.9955208  0.9979190  0.9980818  0.9980864  0.9980864 

Probability of identity
  2 unrelated individuals   : 0.0134701
  Siblings                  : 0.2968875

Sibship exclusion probability
  3 unrelated individuals   : 0.8555461
  4 unrelated individuals   : 0.9858746


*** Locus 10 ***

 +--------+--------+------------+------------+------------+--------------------------+
 | Allele |  Count | Heterozyg. |   Homozyg. |  Frequency | Frequency (Null Alleles) |
 +--------+--------+------------+------------+------------+--------------------------+
 |    150 |     26 |         18 |          4 |    0.03858 |                  0.03429 |
 |    161 |      4 |          4 |          0 |    0.00593 |                  0.00592 |
 |    165 |      2 |          2 |          0 |    0.00297 |                  0.00296 |
 |    167 |     43 |         38 |          2 |    0.06231 |                  0.06047 |
 |    168 |      4 |          4 |          0 |    0.00593 |                  0.00592 |
 |    169 |     39 |         37 |          1 |    0.05786 |                  0.05687 |
 |    170 |     17 |         17 |          0 |    0.02522 |                  0.02518 |
 |    171 |     20 |         18 |          1 |    0.02967 |                  0.02851 |
 |    172 |      1 |          1 |          0 |    0.00148 |                  0.00148 |
 |    173 |     14 |         14 |          0 |    0.02077 |                  0.02073 |
 |    174 |      4 |          4 |          0 |    0.00593 |                  0.00592 |
 |    175 |     11 |          9 |          1 |    0.01632 |                  0.01503 |
 |    177 |      8 |          8 |          0 |    0.01187 |                  0.01185 |
 |    178 |      1 |          1 |          0 |    0.00148 |                  0.00148 |
 |    179 |     61 |         51 |          4 |    0.08754 |                  0.08441 |
 |    180 |      4 |          4 |          0 |    0.00593 |                  0.00592 |
 |    181 |     79 |         58 |         10 |    0.11573 |                  0.10905 |
 |    182 |     42 |         34 |          2 |    0.05638 |                  0.05448 |
 |    183 |     36 |         30 |          2 |    0.05045 |                  0.04847 |
 |    184 |      7 |          5 |          1 |    0.01039 |                  0.00903 |
 |    185 |     14 |         14 |          0 |    0.02077 |                  0.02073 |
 |    186 |     10 |          7 |          1 |    0.01335 |                  0.01203 |
 |    187 |     46 |         33 |          6 |    0.06677 |                  0.06150 |
 |    188 |      1 |          1 |          0 |    0.00148 |                  0.00148 |
 |    189 |     57 |         49 |          4 |    0.08457 |                  0.08140 |
 |    190 |      4 |          4 |          0 |    0.00593 |                  0.00592 |
 |    191 |     25 |         25 |          0 |    0.03709 |                  0.03703 |
 |    192 |      3 |          1 |          1 |    0.00445 |                  0.00301 |
 |    193 |     44 |         35 |          4 |    0.06380 |                  0.06022 |
 |    194 |     10 |         10 |          0 |    0.01484 |                  0.01481 |
 |    195 |     46 |         39 |          3 |    0.06677 |                  0.06412 |
 |    196 |      1 |          1 |          0 |    0.00148 |                  0.00148 |
 |    197 |      3 |          3 |          0 |    0.00445 |                  0.00444 |
 |    201 |      1 |          1 |          0 |    0.00148 |                  0.00148 |
 +--------+--------+------------+------------+------------+--------------------------+
   TOTAL:      688          580           47

Observed Heterozygosity     : 0.8605
Expected Heterozygosity     : 0.9409
Hardy-Weinberg Test
   p-Value                  : 0.0215
   Standard Error           : 0.0040
Estimated Null Allele Freq. : 0.0423
Estimated Genotyping Failure: 0.0900 (34 untyped)
Polymorphic Inform. Content : 0.9362

Exclusion probability when 1 to 7 fullsibs are genotyped
  First Parent              : 0.7824115  0.8675494  0.9420945  0.9676289  0.9695807  0.9696168  0.9696171 
  Second Parent             : 0.8777107  0.9317784  0.9711191  0.9835600  0.9846070  0.9846396  0.9846399 
  Parent Pair               : 0.9743721  0.9916264  0.9984176  0.9994700  0.9995286  0.9995297  0.9995297 

Probability of identity
  2 unrelated individuals   : 0.0070002
  Siblings                  : 0.2820041

Sibship exclusion probability
  3 unrelated individuals   : 0.9161346
  4 unrelated individuals   : 0.9957887


