Software Version            : FRANz 1.2.3
Dataset                     : cluster_1
Time of Data Analysis       : Wed Apr  5 13:56:58 2023


*** Locus 1 ***

 +--------+--------+------------+------------+------------+--------------------------+
 | Allele |  Count | Heterozyg. |   Homozyg. |  Frequency | Frequency (Null Alleles) |
 +--------+--------+------------+------------+------------+--------------------------+
 |    135 |      1 |          1 |          0 |    0.00075 |                  0.00075 |
 |    137 |     20 |         20 |          0 |    0.01502 |                  0.01501 |
 |    139 |      2 |          2 |          0 |    0.00150 |                  0.00150 |
 |    141 |      1 |          1 |          0 |    0.00075 |                  0.00075 |
 |    143 |     10 |         10 |          0 |    0.00751 |                  0.00751 |
 |    145 |     33 |         33 |          0 |    0.02477 |                  0.02477 |
 |    147 |      7 |          7 |          0 |    0.00526 |                  0.00526 |
 |    149 |     71 |         69 |          1 |    0.05330 |                  0.05316 |
 |    151 |     33 |         33 |          0 |    0.02477 |                  0.02477 |
 |    153 |     33 |         31 |          1 |    0.02477 |                  0.02453 |
 |    155 |     36 |         32 |          2 |    0.02703 |                  0.02656 |
 |    157 |    118 |        100 |          9 |    0.08859 |                  0.08778 |
 |    159 |    130 |        124 |          3 |    0.09760 |                  0.09735 |
 |    161 |     63 |         61 |          1 |    0.04730 |                  0.04714 |
 |    163 |    132 |        116 |          8 |    0.09910 |                  0.09845 |
 |    165 |     72 |         66 |          3 |    0.05405 |                  0.05364 |
 |    167 |     82 |         78 |          2 |    0.06156 |                  0.06132 |
 |    169 |    110 |        101 |          4 |    0.08183 |                  0.08145 |
 |    171 |    139 |        103 |         18 |    0.10435 |                  0.10295 |
 |    173 |     44 |         42 |          1 |    0.03303 |                  0.03283 |
 |    175 |     66 |         66 |          0 |    0.04955 |                  0.04955 |
 |    177 |     42 |         38 |          2 |    0.03153 |                  0.03112 |
 |    179 |     57 |         55 |          1 |    0.04279 |                  0.04263 |
 |    181 |     14 |         14 |          0 |    0.01051 |                  0.01051 |
 |    183 |      8 |          8 |          0 |    0.00601 |                  0.00601 |
 |    185 |      6 |          6 |          0 |    0.00450 |                  0.00450 |
 |    187 |      1 |          1 |          0 |    0.00075 |                  0.00075 |
 |    193 |      1 |          1 |          0 |    0.00075 |                  0.00075 |
 |    195 |      1 |          1 |          0 |    0.00075 |                  0.00075 |
 +--------+--------+------------+------------+------------+--------------------------+
   TOTAL:     1333         1220           56

Observed Heterozygosity     : 0.9159
Expected Heterozygosity     : 0.9347
Hardy-Weinberg Test
   p-Value                  : 0.0051
   Standard Error           : 0.0019
Estimated Null Allele Freq. : 0.0059
Estimated Genotyping Failure: 0.0659 (47 untyped)
Polymorphic Inform. Content : 0.9301

Exclusion probability when 1 to 7 fullsibs are genotyped
  First Parent              : 0.7644228  0.8549076  0.9349139  0.9625071  0.9646605  0.9647051  0.9647055 
  Second Parent             : 0.8664071  0.9249109  0.9674177  0.9809168  0.9820942  0.9821350  0.9821353 
  Parent Pair               : 0.9696585  0.9898953  0.9979849  0.9992831  0.9993583  0.9993599  0.9993599 

Probability of identity
  2 unrelated individuals   : 0.0082820
  Siblings                  : 0.2850598

Sibship exclusion probability
  3 unrelated individuals   : 0.9016459
  4 unrelated individuals   : 0.9943207


*** Locus 2 ***

 +--------+--------+------------+------------+------------+--------------------------+
 | Allele |  Count | Heterozyg. |   Homozyg. |  Frequency | Frequency (Null Alleles) |
 +--------+--------+------------+------------+------------+--------------------------+
 |    173 |    109 |         91 |          8 |    0.08574 |                  0.08151 |
 |    175 |     76 |         61 |          7 |    0.06010 |                  0.05598 |
 |    177 |     33 |         32 |          0 |    0.02564 |                  0.02554 |
 |    179 |     25 |         23 |          1 |    0.02003 |                  0.01926 |
 |    181 |     42 |         40 |          1 |    0.03365 |                  0.03289 |
 |    183 |     40 |         34 |          3 |    0.03205 |                  0.02999 |
 |    185 |    141 |         96 |         18 |    0.10577 |                  0.09722 |
 |    187 |     85 |         61 |         12 |    0.06811 |                  0.06138 |
 |    189 |     66 |         58 |          4 |    0.05288 |                  0.05039 |
 |    191 |     41 |         35 |          3 |    0.03285 |                  0.03079 |
 |    193 |     91 |         77 |          6 |    0.07131 |                  0.06791 |
 |    195 |    184 |        145 |         18 |    0.14503 |                  0.13756 |
 |    197 |    185 |        115 |         33 |    0.14503 |                  0.13153 |
 |    199 |     36 |         32 |          2 |    0.02885 |                  0.02742 |
 |    201 |      3 |          3 |          0 |    0.00240 |                  0.00239 |
 |    203 |     20 |         17 |          1 |    0.01522 |                  0.01445 |
 |    205 |     55 |         47 |          3 |    0.04247 |                  0.04048 |
 |    207 |     35 |         29 |          3 |    0.02804 |                  0.02594 |
 |    209 |      5 |          3 |          1 |    0.00401 |                  0.00321 |
 |    211 |      1 |          1 |          0 |    0.00080 |                  0.00080 |
 +--------+--------+------------+------------+------------+--------------------------+
   TOTAL:     1273         1000          124

Observed Heterozygosity     : 0.8013
Expected Heterozygosity     : 0.9160
Hardy-Weinberg Test
   p-Value                  : 0.0000
   Standard Error           : 0.0000
Estimated Null Allele Freq. : 0.0634
Estimated Genotyping Failure: 0.0907 (65 untyped)
Polymorphic Inform. Content : 0.9093

Exclusion probability when 1 to 7 fullsibs are genotyped
  First Parent              : 0.7089388  0.8116317  0.9061769  0.9396604  0.9424709  0.9425498  0.9425505 
  Second Parent             : 0.8296069  0.9006333  0.9522350  0.9689247  0.9705632  0.9706375  0.9706382 
  Parent Pair               : 0.9529022  0.9829800  0.9957985  0.9981433  0.9983020  0.9983066  0.9983067 

Probability of identity
  2 unrelated individuals   : 0.0132574
  Siblings                  : 0.2956598

Sibship exclusion probability
  3 unrelated individuals   : 0.8540053
  4 unrelated individuals   : 0.9864567


*** Locus 3 ***

 +--------+--------+------------+------------+------------+--------------------------+
 | Allele |  Count | Heterozyg. |   Homozyg. |  Frequency | Frequency (Null Alleles) |
 +--------+--------+------------+------------+------------+--------------------------+
 |     91 |     38 |         32 |          3 |    0.02955 |                  0.02695 |
 |     93 |     30 |         20 |          5 |    0.02333 |                  0.01935 |
 |     95 |    109 |         69 |         20 |    0.08476 |                  0.07121 |
 |     97 |     73 |         47 |         13 |    0.05677 |                  0.04733 |
 |     99 |    401 |        221 |         90 |    0.31182 |                  0.27232 |
 |    100 |      1 |          1 |          0 |    0.00078 |                  0.00076 |
 |    101 |     35 |         23 |          6 |    0.02722 |                  0.02251 |
 |    103 |      3 |          1 |          1 |    0.00233 |                  0.00153 |
 |    105 |     23 |         19 |          2 |    0.01788 |                  0.01613 |
 |    107 |     83 |         55 |         14 |    0.06454 |                  0.05452 |
 |    109 |     72 |         52 |         10 |    0.05599 |                  0.04854 |
 |    110 |      1 |          1 |          0 |    0.00078 |                  0.00076 |
 |    111 |    138 |         86 |         26 |    0.10731 |                  0.09059 |
 |    112 |      4 |          0 |          2 |    0.00311 |                  0.00154 |
 |    113 |     55 |         45 |          5 |    0.04277 |                  0.03868 |
 |    114 |      4 |          2 |          1 |    0.00311 |                  0.00230 |
 |    115 |     60 |         47 |          6 |    0.04588 |                  0.04110 |
 |    117 |     29 |         21 |          4 |    0.02255 |                  0.01930 |
 |    119 |     40 |         38 |          1 |    0.03110 |                  0.02987 |
 |    121 |     60 |         52 |          4 |    0.04666 |                  0.04320 |
 |    122 |      1 |          1 |          0 |    0.00078 |                  0.00076 |
 |    123 |     21 |         15 |          3 |    0.01633 |                  0.01386 |
 |    125 |      6 |          4 |          1 |    0.00467 |                  0.00383 |
 +--------+--------+------------+------------+------------+--------------------------+
   TOTAL:     1287          852          217

Observed Heterozygosity     : 0.6625
Expected Heterozygosity     : 0.8638
Hardy-Weinberg Test
   p-Value                  : 0.0000
   Standard Error           : 0.0000
Estimated Null Allele Freq. : 0.1331
Estimated Genotyping Failure: 0.0819 (70 untyped)
Polymorphic Inform. Content : 0.8541

Exclusion probability when 1 to 7 fullsibs are genotyped
  First Parent              : 0.5937501  0.7025208  0.8141667  0.8559025  0.8597374  0.8598760  0.8598773 
  Second Parent             : 0.7461580  0.8352860  0.9008787  0.9227172  0.9251379  0.9252710  0.9252723 
  Parent Pair               : 0.9128565  0.9617774  0.9856523  0.9910083  0.9914182  0.9914315  0.9914317 

Probability of identity
  2 unrelated individuals   : 0.0277114
  Siblings                  : 0.3253554

Sibship exclusion probability
  3 unrelated individuals   : 0.7568016
  4 unrelated individuals   : 0.9535660


*** Locus 4 ***

 +--------+--------+------------+------------+------------+--------------------------+
 | Allele |  Count | Heterozyg. |   Homozyg. |  Frequency | Frequency (Null Alleles) |
 +--------+--------+------------+------------+------------+--------------------------+
 |    130 |      4 |          4 |          0 |    0.00295 |                  0.00295 |
 |    136 |      2 |          2 |          0 |    0.00148 |                  0.00148 |
 |    138 |     19 |         19 |          0 |    0.01403 |                  0.01403 |
 |    140 |      3 |          3 |          0 |    0.00222 |                  0.00221 |
 |    142 |    154 |        118 |         18 |    0.11374 |                  0.11047 |
 |    144 |     35 |         33 |          1 |    0.02585 |                  0.02541 |
 |    146 |    155 |        142 |          6 |    0.11374 |                  0.11264 |
 |    148 |    157 |        133 |         12 |    0.11595 |                  0.11381 |
 |    150 |    220 |        164 |         28 |    0.16248 |                  0.15866 |
 |    152 |     91 |         79 |          6 |    0.06721 |                  0.06563 |
 |    154 |    119 |        104 |          7 |    0.08715 |                  0.08561 |
 |    156 |      7 |          6 |          0 |    0.00443 |                  0.00443 |
 |    158 |     56 |         52 |          2 |    0.04136 |                  0.04066 |
 |    160 |     64 |         60 |          2 |    0.04727 |                  0.04661 |
 |    162 |     69 |         67 |          1 |    0.05096 |                  0.05064 |
 |    164 |     16 |         16 |          0 |    0.01182 |                  0.01181 |
 |    166 |     10 |         10 |          0 |    0.00739 |                  0.00738 |
 |    168 |     77 |         73 |          2 |    0.05687 |                  0.05628 |
 |    170 |     70 |         59 |          5 |    0.05096 |                  0.04940 |
 |    172 |     10 |         10 |          0 |    0.00739 |                  0.00738 |
 |    174 |      1 |          1 |          0 |    0.00074 |                  0.00074 |
 |    176 |      8 |          8 |          0 |    0.00591 |                  0.00591 |
 |    178 |     11 |         11 |          0 |    0.00812 |                  0.00812 |
 +--------+--------+------------+------------+------------+--------------------------+
   TOTAL:     1358         1174           90

Observed Heterozygosity     : 0.8671
Expected Heterozygosity     : 0.9092
Hardy-Weinberg Test
   p-Value                  : 0.0000
   Standard Error           : 0.0000
Estimated Null Allele Freq. : 0.0177
Estimated Genotyping Failure: 0.0462 (33 untyped)
Polymorphic Inform. Content : 0.9015

Exclusion probability when 1 to 7 fullsibs are genotyped
  First Parent              : 0.6885669  0.7957801  0.8956050  0.9312713  0.9343577  0.9344536  0.9344545 
  Second Parent             : 0.8157315  0.8915168  0.9465530  0.9644932  0.9663396  0.9664306  0.9664315 
  Parent Pair               : 0.9454130  0.9798143  0.9947466  0.9975722  0.9977711  0.9977774  0.9977775 

Probability of identity
  2 unrelated individuals   : 0.0154549
  Siblings                  : 0.2995775

Sibship exclusion probability
  3 unrelated individuals   : 0.8328325
  4 unrelated individuals   : 0.9824053


*** Locus 5 ***

 +--------+--------+------------+------------+------------+--------------------------+
 | Allele |  Count | Heterozyg. |   Homozyg. |  Frequency | Frequency (Null Alleles) |
 +--------+--------+------------+------------+------------+--------------------------+
 |    204 |      2 |          2 |          0 |    0.00148 |                  0.00148 |
 |    206 |      1 |          1 |          0 |    0.00074 |                  0.00074 |
 |    208 |    159 |        135 |         12 |    0.11795 |                  0.11716 |
 |    210 |     39 |         37 |          1 |    0.02893 |                  0.02872 |
 |    212 |     39 |         36 |          1 |    0.02819 |                  0.02797 |
 |    214 |    115 |        100 |          7 |    0.08457 |                  0.08394 |
 |    216 |     23 |         23 |          0 |    0.01706 |                  0.01706 |
 |    218 |     78 |         74 |          2 |    0.05786 |                  0.05762 |
 |    220 |    148 |        124 |         12 |    0.10979 |                  0.10894 |
 |    222 |    114 |        106 |          4 |    0.08457 |                  0.08421 |
 |    224 |    193 |        163 |         15 |    0.14318 |                  0.14234 |
 |    226 |     96 |         86 |          5 |    0.07122 |                  0.07070 |
 |    228 |     68 |         66 |          1 |    0.05045 |                  0.05031 |
 |    230 |     34 |         34 |          0 |    0.02522 |                  0.02522 |
 |    232 |     41 |         41 |          0 |    0.03042 |                  0.03041 |
 |    234 |    110 |        100 |          5 |    0.08160 |                  0.08114 |
 |    236 |     35 |         31 |          2 |    0.02596 |                  0.02550 |
 |    238 |     26 |         26 |          0 |    0.01929 |                  0.01929 |
 |    240 |     14 |         14 |          0 |    0.01039 |                  0.01039 |
 |    242 |      9 |          9 |          0 |    0.00668 |                  0.00668 |
 |    244 |      1 |          1 |          0 |    0.00074 |                  0.00074 |
 |    246 |      1 |          1 |          0 |    0.00074 |                  0.00074 |
 |    248 |      1 |          1 |          0 |    0.00074 |                  0.00074 |
 |    250 |      1 |          1 |          0 |    0.00074 |                  0.00074 |
 |    252 |      2 |          2 |          0 |    0.00148 |                  0.00148 |
 +--------+--------+------------+------------+------------+--------------------------+
   TOTAL:     1350         1214           67

Observed Heterozygosity     : 0.9006
Expected Heterozygosity     : 0.9176
Hardy-Weinberg Test
   p-Value                  : 0.0070
   Standard Error           : 0.0021
Estimated Null Allele Freq. : 0.0057
Estimated Genotyping Failure: 0.0533 (38 untyped)
Polymorphic Inform. Content : 0.9110

Exclusion probability when 1 to 7 fullsibs are genotyped
  First Parent              : 0.7124441  0.8151742  0.9092604  0.9424923  0.9452706  0.9453476  0.9453483 
  Second Parent             : 0.8321548  0.9027045  0.9539114  0.9704487  0.9720628  0.9721352  0.9721359 
  Parent Pair               : 0.9538517  0.9835086  0.9960451  0.9983023  0.9984519  0.9984561  0.9984562 

Probability of identity
  2 unrelated individuals   : 0.0128987
  Siblings                  : 0.2947553

Sibship exclusion probability
  3 unrelated individuals   : 0.8559695
  4 unrelated individuals   : 0.9872712


*** Locus 6 ***

 +--------+--------+------------+------------+------------+--------------------------+
 | Allele |  Count | Heterozyg. |   Homozyg. |  Frequency | Frequency (Null Alleles) |
 +--------+--------+------------+------------+------------+--------------------------+
 |    101 |     26 |         22 |          2 |    0.01895 |                  0.01742 |
 |    105 |    710 |        266 |        222 |    0.51749 |                  0.46304 |
 |    109 |    324 |        202 |         61 |    0.23615 |                  0.21209 |
 |    113 |     52 |         44 |          4 |    0.03790 |                  0.03504 |
 |    117 |     14 |         14 |          0 |    0.01020 |                  0.01010 |
 |    121 |    185 |        117 |         34 |    0.13484 |                  0.11788 |
 |    125 |     61 |         55 |          3 |    0.04446 |                  0.04220 |
 +--------+--------+------------+------------+------------+--------------------------+
   TOTAL:     1372          720          326

Observed Heterozygosity     : 0.5248
Expected Heterozygosity     : 0.6549
Hardy-Weinberg Test
   p-Value                  : 0.0000
   Standard Error           : 0.0000
Estimated Null Allele Freq. : 0.1022
Estimated Genotyping Failure: 0.0291 (28 untyped)
Polymorphic Inform. Content : 0.6101

Exclusion probability when 1 to 7 fullsibs are genotyped
  First Parent              : 0.2483473  0.3342560  0.4344407  0.4815489  0.4907212  0.4915107  0.4915186 
  Second Parent             : 0.4208908  0.5369252  0.6292227  0.6685079  0.6770705  0.6778575  0.6778654 
  Parent Pair               : 0.6097218  0.7340295  0.8160558  0.8438312  0.8482082  0.8485509  0.8485544 

Probability of identity
  2 unrelated individuals   : 0.1638397
  Siblings                  : 0.4637497

Sibship exclusion probability
  3 unrelated individuals   : 0.2293713
  4 unrelated individuals   : 0.4711382


*** Locus 7 ***

 +--------+--------+------------+------------+------------+--------------------------+
 | Allele |  Count | Heterozyg. |   Homozyg. |  Frequency | Frequency (Null Alleles) |
 +--------+--------+------------+------------+------------+--------------------------+
 |    167 |     20 |         20 |          0 |    0.01577 |                  0.01572 |
 |    169 |      5 |          5 |          0 |    0.00394 |                  0.00393 |
 |    173 |     21 |         16 |          2 |    0.01577 |                  0.01431 |
 |    175 |    449 |        238 |         98 |    0.34227 |                  0.31990 |
 |    177 |     12 |         10 |          1 |    0.00946 |                  0.00870 |
 |    179 |     61 |         45 |          7 |    0.04653 |                  0.04228 |
 |    181 |     13 |         11 |          1 |    0.01025 |                  0.00949 |
 |    183 |    177 |        128 |         21 |    0.13407 |                  0.12548 |
 |    185 |     15 |         11 |          2 |    0.01183 |                  0.01034 |
 |    187 |     62 |         46 |          7 |    0.04732 |                  0.04309 |
 |    189 |    122 |         94 |         14 |    0.09621 |                  0.08954 |
 |    191 |     52 |         45 |          3 |    0.04022 |                  0.03828 |
 |    193 |     11 |          9 |          1 |    0.00868 |                  0.00791 |
 |    195 |     22 |         20 |          1 |    0.01735 |                  0.01660 |
 |    197 |     61 |         56 |          2 |    0.04732 |                  0.04601 |
 |    199 |     51 |         40 |          4 |    0.03785 |                  0.03528 |
 |    201 |     28 |         22 |          2 |    0.02050 |                  0.01907 |
 |    203 |     29 |         26 |          1 |    0.02208 |                  0.02133 |
 |    205 |     16 |         16 |          0 |    0.01262 |                  0.01257 |
 |    207 |     14 |         14 |          0 |    0.01104 |                  0.01100 |
 |    209 |      1 |          1 |          0 |    0.00079 |                  0.00079 |
 |    211 |     40 |         37 |          0 |    0.02918 |                  0.02907 |
 |    213 |     14 |         14 |          0 |    0.01104 |                  0.01100 |
 |    215 |      6 |          6 |          0 |    0.00473 |                  0.00471 |
 |    219 |      3 |          3 |          0 |    0.00237 |                  0.00236 |
 |    225 |      1 |          1 |          0 |    0.00079 |                  0.00079 |
 +--------+--------+------------+------------+------------+--------------------------+
   TOTAL:     1306          934          167

Observed Heterozygosity     : 0.7366
Expected Heterozygosity     : 0.8432
Hardy-Weinberg Test
   p-Value                  : 0.0000
   Standard Error           : 0.0000
Estimated Null Allele Freq. : 0.0605
Estimated Genotyping Failure: 0.0587 (42 untyped)
Polymorphic Inform. Content : 0.8319

Exclusion probability when 1 to 7 fullsibs are genotyped
  First Parent              : 0.5527649  0.6613791  0.7765674  0.8204179  0.8246313  0.8248003  0.8248019 
  Second Parent             : 0.7141042  0.8086063  0.8785247  0.9021312  0.9048975  0.9050608  0.9050624 
  Parent Pair               : 0.8935039  0.9502057  0.9790874  0.9859717  0.9865490  0.9865716  0.9865718 

Probability of identity
  2 unrelated individuals   : 0.0353802
  Siblings                  : 0.3376089

Sibship exclusion probability
  3 unrelated individuals   : 0.7147339
  4 unrelated individuals   : 0.9313155


*** Locus 8 ***

 +--------+--------+------------+------------+------------+--------------------------+
 | Allele |  Count | Heterozyg. |   Homozyg. |  Frequency | Frequency (Null Alleles) |
 +--------+--------+------------+------------+------------+--------------------------+
 |    149 |     10 |          8 |          1 |    0.00768 |                  0.00697 |
 |    150 |      2 |          2 |          0 |    0.00154 |                  0.00153 |
 |    151 |    322 |        239 |         41 |    0.24654 |                  0.23881 |
 |    153 |     31 |         31 |          0 |    0.02381 |                  0.02378 |
 |    159 |      7 |          7 |          0 |    0.00538 |                  0.00537 |
 |    161 |     96 |         88 |          3 |    0.07220 |                  0.07093 |
 |    163 |    246 |        180 |         33 |    0.18894 |                  0.18139 |
 |    165 |    148 |        118 |         15 |    0.11367 |                  0.10888 |
 |    166 |      2 |          0 |          1 |    0.00154 |                  0.00078 |
 |    167 |    240 |        170 |         34 |    0.18280 |                  0.17483 |
 |    169 |    157 |        118 |         19 |    0.11982 |                  0.11394 |
 |    171 |      6 |          6 |          0 |    0.00461 |                  0.00460 |
 |    173 |      2 |          2 |          0 |    0.00154 |                  0.00153 |
 |    175 |     28 |         28 |          0 |    0.02151 |                  0.02148 |
 |    177 |      7 |          7 |          0 |    0.00538 |                  0.00537 |
 |    179 |      2 |          2 |          0 |    0.00154 |                  0.00153 |
 |    181 |      1 |          1 |          0 |    0.00077 |                  0.00077 |
 |    183 |      1 |          1 |          0 |    0.00077 |                  0.00077 |
 +--------+--------+------------+------------+------------+--------------------------+
   TOTAL:     1308         1008          147

Observed Heterozygosity     : 0.7742
Expected Heterozygosity     : 0.8371
Hardy-Weinberg Test
   p-Value                  : 0.0000
   Standard Error           : 0.0000
Estimated Null Allele Freq. : 0.0368
Estimated Genotyping Failure: 0.0793 (57 untyped)
Polymorphic Inform. Content : 0.8162

Exclusion probability when 1 to 7 fullsibs are genotyped
  First Parent              : 0.5055047  0.6310479  0.7609056  0.8121201  0.8183467  0.8187163  0.8187199 
  Second Parent             : 0.6749842  0.7860264  0.8681921  0.8980312  0.9027292  0.9030928  0.9030964 
  Parent Pair               : 0.8484763  0.9282465  0.9700473  0.9807312  0.9818803  0.9819473  0.9819480 

Probability of identity
  2 unrelated individuals   : 0.0471720
  Siblings                  : 0.3435369

Sibship exclusion probability
  3 unrelated individuals   : 0.5996853
  4 unrelated individuals   : 0.8871741


*** Locus 9 ***

 +--------+--------+------------+------------+------------+--------------------------+
 | Allele |  Count | Heterozyg. |   Homozyg. |  Frequency | Frequency (Null Alleles) |
 +--------+--------+------------+------------+------------+--------------------------+
 |    123 |     50 |         38 |          6 |    0.03828 |                  0.03403 |
 |    124 |     76 |         60 |          8 |    0.05819 |                  0.05284 |
 |    125 |     40 |         28 |          6 |    0.03063 |                  0.02632 |
 |    126 |    133 |         71 |         31 |    0.10184 |                  0.08438 |
 |    127 |     37 |         32 |          2 |    0.02757 |                  0.02596 |
 |    128 |     43 |         39 |          2 |    0.03292 |                  0.03130 |
 |    129 |     55 |         47 |          4 |    0.04211 |                  0.03917 |
 |    130 |      6 |          4 |          1 |    0.00459 |                  0.00381 |
 |    131 |     15 |         15 |          0 |    0.01149 |                  0.01137 |
 |    132 |     93 |         63 |         15 |    0.07121 |                  0.06186 |
 |    133 |     32 |         30 |          1 |    0.02450 |                  0.02359 |
 |    134 |     90 |         62 |         14 |    0.06891 |                  0.06011 |
 |    135 |      1 |          1 |          0 |    0.00077 |                  0.00076 |
 |    136 |      3 |          3 |          0 |    0.00230 |                  0.00227 |
 |    138 |    208 |        134 |         36 |    0.15773 |                  0.14024 |
 |    140 |    111 |         83 |         14 |    0.08499 |                  0.07652 |
 |    142 |    122 |        104 |          9 |    0.09342 |                  0.08778 |
 |    144 |     83 |         63 |         10 |    0.06355 |                  0.05705 |
 |    146 |      4 |          4 |          0 |    0.00306 |                  0.00303 |
 |    148 |     28 |         26 |          1 |    0.02144 |                  0.02054 |
 |    152 |      8 |          8 |          0 |    0.00613 |                  0.00607 |
 |    154 |      1 |          1 |          0 |    0.00077 |                  0.00076 |
 |    156 |     22 |         22 |          0 |    0.01685 |                  0.01668 |
 |    158 |      3 |          3 |          0 |    0.00230 |                  0.00227 |
 |    160 |      1 |          1 |          0 |    0.00077 |                  0.00076 |
 |    162 |      2 |          2 |          0 |    0.00153 |                  0.00152 |
 |    164 |      9 |          7 |          1 |    0.00689 |                  0.00609 |
 |    166 |      1 |          1 |          0 |    0.00077 |                  0.00076 |
 |    168 |      3 |          3 |          0 |    0.00230 |                  0.00227 |
 |    170 |      3 |          3 |          0 |    0.00230 |                  0.00227 |
 |    174 |      5 |          3 |          1 |    0.00383 |                  0.00304 |
 |    186 |     21 |         21 |          0 |    0.01608 |                  0.01592 |
 +--------+--------+------------+------------+------------+--------------------------+
   TOTAL:     1309          982          162

Observed Heterozygosity     : 0.7519
Expected Heterozygosity     : 0.9244
Hardy-Weinberg Test
   p-Value                  : 0.0000
   Standard Error           : 0.0000
Estimated Null Allele Freq. : 0.0986
Estimated Genotyping Failure: 0.0725 (58 untyped)
Polymorphic Inform. Content : 0.9188

Exclusion probability when 1 to 7 fullsibs are genotyped
  First Parent              : 0.7346274  0.8311599  0.9187765  0.9494756  0.9519612  0.9520220  0.9520225 
  Second Parent             : 0.8467182  0.9116970  0.9589431  0.9740900  0.9754933  0.9755498  0.9755504 
  Parent Pair               : 0.9614477  0.9864834  0.9969015  0.9987194  0.9988351  0.9988380  0.9988381 

Probability of identity
  2 unrelated individuals   : 0.0107544
  Siblings                  : 0.2908590

Sibship exclusion probability
  3 unrelated individuals   : 0.8785391
  4 unrelated individuals   : 0.9905611


*** Locus 10 ***

 +--------+--------+------------+------------+------------+--------------------------+
 | Allele |  Count | Heterozyg. |   Homozyg. |  Frequency | Frequency (Null Alleles) |
 +--------+--------+------------+------------+------------+--------------------------+
 |    150 |     42 |         34 |          4 |    0.03426 |                  0.03207 |
 |    161 |     16 |         14 |          0 |    0.01142 |                  0.01141 |
 |    165 |      3 |          3 |          0 |    0.00245 |                  0.00244 |
 |    167 |     52 |         45 |          3 |    0.04160 |                  0.04007 |
 |    168 |      4 |          4 |          0 |    0.00326 |                  0.00326 |
 |    169 |     83 |         81 |          1 |    0.06770 |                  0.06724 |
 |    170 |     21 |         21 |          0 |    0.01713 |                  0.01711 |
 |    171 |     36 |         34 |          1 |    0.02936 |                  0.02878 |
 |    172 |      1 |          1 |          0 |    0.00082 |                  0.00081 |
 |    173 |     37 |         33 |          2 |    0.03018 |                  0.02904 |
 |    174 |      4 |          4 |          0 |    0.00326 |                  0.00326 |
 |    175 |     40 |         37 |          1 |    0.03181 |                  0.03124 |
 |    177 |     16 |         16 |          0 |    0.01305 |                  0.01304 |
 |    178 |      1 |          1 |          0 |    0.00082 |                  0.00081 |
 |    179 |    103 |         87 |          7 |    0.08238 |                  0.07979 |
 |    180 |     12 |         11 |          0 |    0.00897 |                  0.00896 |
 |    181 |    150 |        108 |         20 |    0.12072 |                  0.11485 |
 |    182 |     75 |         64 |          2 |    0.05546 |                  0.05454 |
 |    183 |     67 |         51 |          7 |    0.05302 |                  0.04979 |
 |    184 |      7 |          5 |          1 |    0.00571 |                  0.00495 |
 |    185 |     31 |         31 |          0 |    0.02529 |                  0.02526 |
 |    186 |     20 |         17 |          1 |    0.01550 |                  0.01482 |
 |    187 |     88 |         66 |         10 |    0.07015 |                  0.06611 |
 |    188 |      4 |          4 |          0 |    0.00326 |                  0.00326 |
 |    189 |    101 |         87 |          6 |    0.08075 |                  0.07850 |
 |    190 |      9 |          9 |          0 |    0.00734 |                  0.00733 |
 |    191 |     41 |         38 |          1 |    0.03263 |                  0.03206 |
 |    192 |     11 |          9 |          1 |    0.00897 |                  0.00824 |
 |    193 |     76 |         66 |          4 |    0.06036 |                  0.05862 |
 |    194 |     18 |         18 |          0 |    0.01468 |                  0.01467 |
 |    195 |     73 |         66 |          3 |    0.05873 |                  0.05739 |
 |    196 |      4 |          3 |          0 |    0.00245 |                  0.00244 |
 |    197 |      4 |          4 |          0 |    0.00326 |                  0.00326 |
 |    198 |      1 |          1 |          0 |    0.00082 |                  0.00081 |
 |    199 |      1 |          1 |          0 |    0.00082 |                  0.00081 |
 |    201 |      1 |          1 |          0 |    0.00082 |                  0.00081 |
 |    208 |      1 |          1 |          0 |    0.00082 |                  0.00081 |
 +--------+--------+------------+------------+------------+--------------------------+
   TOTAL:     1254         1076           75

Observed Heterozygosity     : 0.8777
Expected Heterozygosity     : 0.9417
Hardy-Weinberg Test
   p-Value                  : 0.0000
   Standard Error           : 0.0000
Estimated Null Allele Freq. : 0.0313
Estimated Genotyping Failure: 0.1055 (73 untyped)
Polymorphic Inform. Content : 0.9378

Exclusion probability when 1 to 7 fullsibs are genotyped
  First Parent              : 0.7873808  0.8708707  0.9438225  0.9687709  0.9706670  0.9707009  0.9707012 
  Second Parent             : 0.8807738  0.9335661  0.9720026  0.9841450  0.9851566  0.9851870  0.9851873 
  Parent Pair               : 0.9756414  0.9920728  0.9985185  0.9995096  0.9995643  0.9995653  0.9995653 

Probability of identity
  2 unrelated individuals   : 0.0066182
  Siblings                  : 0.2812038

Sibship exclusion probability
  3 unrelated individuals   : 0.9201381
  4 unrelated individuals   : 0.9961322


